0 64 67
384 59
769 64 67
1153 59
1538 62 66
1923 59
2307 62 66
2692 59
3076 64 67
3461 59
3846 64 67
4230 59
4615 64 66
4999 59
5384 64 66
5769 59
6153 64 67
6538 59
6923 64 67
7307 59
7692 66 69
8076 59
8461 66 69
8846 59
9230 67 71
9615 59
9999 67 71
10384 59
10769 67 71
12307 64 67
12692 59
13076 64 67
13461 59
13846 62 66
14230 59
14615 62 66
14999 59
15384 64 67
15769 59
16153 64 67
16538 59
16923 64 66
17307 59
17692 64 66
18076 59
18461 64 67
18846 59
19230 64 67
19615 59
19999 66 69
20384 59
20769 66 69
21153 59
21538 67 71
21923 59
22307 67 71
22692 59
23076 67 71
24615 64 67
24999 59
25384 64 67
25769 59
26153 62 66
26538 59 76
26923 62 66
27307 59 67
27692 64 67
28076 59
28461 64 67
28846 59
29230 64 66
29615 59
29999 64 66
30384 59
30769 64 67
31153 59
31538 64 67
31923 59
32307 62 66
32692 59
33076 62 66
33461 59
33846 64 67
34230 59
34615 64 67
34999 59
35384 64 66
35769 59
36153 64 66
36538 59
36923 64 67
37307 59
37692 64 67
38076 59
38461 62 66
38846 59
39230 62 66
39615 59
39999 64 67
40384 59
40769 64 67
41153 59
41538 64 66
41923 59
42307 64 66
42692 59
43076 64 67
43461 59
43846 64 67
44230 59
44615 62 66
44999 59
45384 62 66
45769 59
46153 64 67
46538 59
46923 64 67
47307 59
47692 64 66
48076 59
48461 64 66
48846 59
49230 64 67
49615 59
49999 64 67
50384 59
50769 64 66
51153 59
51538 63 66
51923 59
52307 64 67
52692 59
53076 64 67
53461 59
53846 64 66
54230 59
54615 64 66
54999 59
55384 63 66
56153 63 66
56923 64 67
57692 64 67
58461 65 68
59230 65 68
59999 66 69
60769 66 69
60961 66 69
61153 66 69
61538 67 71
62307 67 71
63076 66 69
63846 66 69
64615 64 67
65384 64 67
66153 66 69
66923 66 69
67692 67 71
68461 67 71
69230 66 69
69999 66 69
70769 64 67
71538 64 67
72307 66 69
73076 66 69
73846 64 67
74230 59
74615 64 67
74999 59
75384 62 66
75769 59
76153 62 66
76538 59
76923 64 67
77307 59
77692 64 67
78076 59
78461 64 66
78846 59
79230 64 66
79615 59
79999 64 67
80384 59
80769 64 67
81153 59
81538 66 69
81922 59
82307 66 69
82692 59
83076 67 71
83461 59
83846 67 71
84230 59
84615 67 71
86153 64 67
86538 59
86922 64 67
87307 59
87692 62 66
88076 59
88461 62 66
88846 59
89230 64 67
89615 59
89999 64 67
90384 59
90769 64 66
91153 59
91538 64 66
91922 59
92307 64 67
92692 59
93076 64 67
93461 59
93846 62 66
94230 59
94615 62 66
94999 59
95384 64 67
95769 59
96153 64 67
96538 59
96922 62 66
97307 59
97692 62 66
98076 59
98461 64 67
98846 59
99230 64 67
99615 59
99999 62 66
100384 59
100769 62 66
101153 59
101538 64 67
101922 59
102307 64 67
102692 59
103076 62 66
103461 59
103846 62 66
104230 59
104615 64 67
104999 59
105384 64 67
105769 59
106153 62 66
106538 59
106922 62 66
107307 59
107692 64 67
108076 59
108461 64 67
108846 59
109230 62 66
109615 59
109999 62 66
110384 59
110769 64 67
111538 64 67
111922 64 67
112307 62 66
113076 62 66
113461 62 66
113846 60 64
114615 60 64
114999 60 64
115384 62 64
116153 62 64
116538 62 64
116922 59 64
117115 52
117307 52
117499 52
117692 52
117884 52
118076 52
118269 52
118461 62 66
118653 54
118846 54
119038 54
119230 54
119422 54
119615 54
119807 54
119999 64 67
120192 55
120384 55
120576 55
120769 55
120961 55
121153 55
121346 55
121538 67 71
121730 57
121922 57
122115 57
122307 57
123076 57 60
123461 54 59
123846 57 60
124230 54 59
124615 57 60
124999 54 59
125384 57 60
125769 54 59
126153 57 60
126538 54 59
126922 57 60
127307 54 59
127692 57 60
128076 54 59
128461 57 60
128846 54 59
129230 52 57
130384 52 57
130769 54 59
131922 54 59
132307 55 60
133461 55 60
133846 57 62
134999 57 62
135384 59 64
136153 59 64
136922 59 64
137692 59 64
138461 64
138653 62
139038 59
139230 57
139615 55
139807 52
140192 50
140384 47
140576 46
140769 45
140961 43
141153 40
141538 52 57
142692 52 57
143076 54 59
144230 54 59
144615 55 60
145769 55 60
146153 57 62
147307 57 62
147692 64
147884 62
148076 59
148269 62
148461 64
148653 67
148846 67
149038 64
149230 71
149422 67
149615 64
149807 67
149999 71
150192 74
150384 74
150576 71
150769 64
150961 62 67
151153 62 67
151346 64
151538 62 67
151730 62 67
151922 62 67
152115 64
152307 62 67
152499 64 69
152692 64 69
152884 65 70
153076 65 70
153269 64 71
153461 64 71
153846 52 57
154999 52 57
155384 54 59
156538 54 59
156922 55 60
158076 55 60
158461 57 62
159615 57 62
159999 56 59
161153 56 59
161538 58 61
162692 58 61
163076 59 62
164230 59 62
164615 61 64
165769 61 64
166153 57 60
166538 54 59
166922 57 60
167307 54 59
167692 57 60
168076 54 59
168461 57 60
168845 54 59
169230 57 60
169615 54 59
169999 57 60
170384 54 59
170769 57 60
171153 54 59
171538 57 60
171922 54 59
172307 59 64
173461 59 64
173845 57 62
174999 57 62
175384 55 60
176538 55 60
176922 57 62
178076 57 62
178461 59 64
179615 59 64
179999 57 62
181153 57 62
181538 55 60
182692 55 60
183076 57 62
184230 57 62
184615 59 64
185769 59 64
186153 57 62
187307 57 62
187692 55 60
188845 55 60
189230 57 62
190384 57 62
190769 59 64
191922 59 64
192307 57 62
193461 57 62
193845 59 64
194999 59 64
195384 60 64
196538 60 64
196922 57 60
197307 54 59
197692 57 60
198076 54 59
198461 57 60
198845 54 59
199230 57 60
199615 54 59
199999 57 60
200384 54 59
200769 57 60
201153 54 59
201538 57 60
201922 54 59
202307 57 60
202692 54 59
203076 64 66
203461 59
203845 64 66
204230 59
204615 64 66
204999 59
205384 64 66
205769 59
206153 64 66
206538 59
206922 64 66
207307 59
207692 64 66
208076 59
208461 64 66
208845 59
209230 64 66
209615 59
209999 64 66
210384 59
210769 64 66
211153 59
211538 64 66
211922 59
212307 64 66
212692 59
213076 64 66
213461 59
213845 64 66
214230 59
214615 64 66
214999 59
