0 58
673 57
3962 66
5797 66
6076 66
6226 66
7806 66
8214 66
9666 66
11036 60
11525 66
11826 66
12013 58
13557 66
13813 66
14173 66
17356 55
17647 66
19518 66
20933 59
21493 66
24895 57
25233 66
25419 66
27091 66
27638 66
27789 58
29054 66
29229 66
29508 66
33366 58
33668 66
34016 67
35282 57
35562 57
36002 64
36606 67
37235 71
37862 67
38430 71
38500 59 64
38801 59
39186 71
39406 67
40649 66
41101 58
41219 62
42137 67
43065 60
43311 72
43751 69
44193 67
44994 57
45286 62 57
45900 57
45958 62
47480 57 62
48328 57
49525 57
49769 57
50814 71 59
51779 67
52405 55
53464 55
53673 55
54811 53
56158 59
57982 57
58307 57
58668 64
59249 57
59528 57
60643 71
61410 67
61468 71
65244 63
67277 67
69891 63
71691 66
73631 66
77453 66
77604 66
81508 66
82797 67
85389 63
87107 66
87224 61
88141 43
88990 66
93346 67
93637 58
95287 57
95577 64
96273 57
96786 67
97471 71
97552 64
97842 71
98178 71
98516 64
99132 67
99480 67
100665 71
101130 67
101189 71
101606 67
102581 60
103268 69
103395 60 72
104011 72
104498 62
105649 69
106160 78
106265 57
106939 62
107101 69
107322 57
108402 64
109796 57
110261 71
110762 64 71
111330 64
111539 67
112340 62
112538 66
112969 71
114257 59
118045 57
118673 64
120996 76
121228 67
124027 52
124352 72
124563 68
127014 52
129081 57
133961 65
137655 57
137864 44
137911 72
138107 57
138480 57
138643 57
142663 55
145288 66
145380 63
150400 66 59
151050 66
151352 58
152293 57
152898 66
154000 59
156998 66
158672 66
159101 66
159333 63
160937 66
163956 57
164562 66
164852 66
165653 59
165908 59
165978 66
166421 66 55
166583 54
168477 66
168570 63
168628 66
168791 66
171775 59
