0 57 52 45
500 45
625 45
750 45
875 45
1000 43
1125 45
1250 47
1500 47
2000 45
2125 47
2250 48
2500 48
3000 48
3125 48
3250 47
3500 43
4000 45
4500 45
4625 45
4750 45
4875 45
5000 43
5125 45
5250 47
5500 47
6000 45
6125 47
6250 48
6500 48
7000 48
7125 48
7250 47
7500 43
8000 45
8500 45
8625 45
8750 45
8875 45
9000 43
9125 45
9250 47
9500 47
10000 45
10125 47
10250 48
10500 48
11000 48
11125 48
11250 47
11500 43
12000 45
12500 45
12625 45
12750 45
12875 45
13000 43
13125 45
13250 47
13500 47
14000 45
14125 47
14250 48
14500 48
15000 48
15125 48
15250 47
15500 43
16000 45
16500 45 57
16625 45 57
16750 45 57
16875 45 57
17000 43 55
17125 45 57
17250 47 59
17500 47 59
18000 45 57
18125 47 59
18250 48 60
18500 48 60
19000 48 60
19125 48 60
19250 47 59
19500 43 55
20000 45
20375 57
20500 45 57
20625 45 57
20750 45 57
20875 45
21000 43 55
21125 45 57
21250 47 59
21500 47 59
22000 45 57
22125 47 59
22250 48 60
22500 48 60
23000 48 60
23125 48 60
23250 47 59
23500 43 55
24000 45
24500 45 57
24625 45 57
24750 45 57
24875 45 57
25000 43 55
25125 45 57
25250 47 59
25500 47 59
26000 45 57
26062 59
26125 47
26250 48 60
26500 48 60
27000 48 60
27125 48 60
27250 47 59
27500 43 55
28000 45
28500 45 57
28625 45 57
28750 45 57
28875 45 57
29000 43 55
29125 45 57
29250 47 59
29500 47 59
30000 45 57
30125 47 59
30250 48 60
30500 48 60
31000 48 60
31125 48 60
31250 47 59
31500 43 55
32000 53 48 41
32750 64
32875 64
33000 64
33125 64
33250 67
33500 64
34125 64
34250 67
34500 64
35125 64
35250 62 43
35500 60 43
35750 40 59
36000 41 60
36750 64
36875 64
37000 64
37125 64
37250 67
37500 64
38125 64
38250 67
38500 64
39125 64
39250 62 43
39500 60 43
39750 40 59
40000 41 60
40750 64
40875 64
41000 64
41125 64
41250 67
41500 64
42125 64
42250 67
42500 64
43125 64
43250 43 62
43500 43 60
43750 40 59
44000 41 60
44750 64
44875 64
45000 64
45125 64
45250 67
45500 64
46125 64
46250 67 47 40 52
46500 64
47125 64
47250 43 67
47500 64 40
47750 43 67
48000 69 45
48500 45
48625 45
48750 45 60
48875 45 60
49000 45 60
49125 45 60
49250 43 59
49500 43 55
50000 43 59
50125 43 59
50250 41 57
50500 41 53
51000 41 57
51125 41 57
51250 43 59
51500 40 55
51750 43
52000 45
52375 60
52500 45 60
52625 45 60
52750 45 60
52875 45
53000 45 60
53125 45 60
53250 43 59
53500 43 55
54000 43 59
54125 43 59
54250 41 57
54500 41 53
55000 41 57
55125 41 57
55250 40 59
55500 40 55
55750 43 59
56000 45 60
56375 60
56500 45 60
56625 45 60
56750 45 60
56875 45
57000 45 60
57125 45
57250 43 59
57500 43 55
58000 43 59
58125 43 59
58250 41 57
58500 41 53
59000 41 57
59125 41 57
59250 43 59
59500 40 55
59750 43
60000 45
60375 60
60500 45 60
60625 45 60
60750 45 60
60875 45 60
61000 45 60
61125 45 60
61250 43 59
61500 43 55
62000 43 59
62125 43 59
62250 41 57
62500 41 53
63000 41 57
63125 41 57
63250 40 59
63500 40 55
63750 43
64000 41
64750 64
64875 64
65000 64
65125 64
65250 67
65500 64
66125 64
66250 67
66500 64
67125 64
67250 62 43
67500 60 43
67750 40 59
68000 41 60
68750 64
68875 64
69000 64
69125 64
69250 67
69500 64
70125 64
70250 67
70500 64
71125 64
71250 62 43
71500 60 43
71750 40 59
72000 41 60
72750 64
72875 64
73000 64
73125 64
73250 67
73500 64
74125 64
74250 67
74500 64
75125 64
75250 62 43
75500 60 43
75750 43 59
76000 60 41
76250 40 64
76500 60
76750 62
77000 62
77250 40
77500 40
77750 64
78000 60
78250 62
78500 62
78750 52 47 40
79000 60
79250 64
79750 62
79875 60
80000 45 57
80500 45
80625 45
80750 45
80875 45
81000 43
81125 45
81250 47
81500 47
82000 45
82125 47
82250 48
82500 48
83000 48
83125 48
83250 47
83500 43
84000 45
84500 45
84625 45
84750 45
84875 45
85000 43
85125 45
85250 47
85500 47
86000 45
86125 47
86250 48
86500 48
87000 48
87125 48
87250 47
87500 43
88000 45
88500 45 57
88625 45 57
88750 45 57
88875 45 57
89000 43 55
89125 45 57
89250 47 59
89500 47 59
90000 45 57
90125 47 59
90250 48 60
90500 48 60
91000 48 60
91125 48 60
91250 47 59
91500 43 55
92000 45
92500 45 57
92625 45 57
92750 45 57
92875 45 57
93000 43 55
93125 45 57
93250 47 59
93500 47 59
94000 45 57
94125 47 59
94250 48 60
94500 48 60
94875 60
95000 48 60
95125 48 60
95250 47 59
95500 43 55
96000 53 48 41
96750 64
96875 64
97000 64
97125 64
97250 67
97500 64
98125 64
98250 67
98500 64
99125 64
99250 62 43
99500 60 43
99750 40 59
100000 41 60
100750 64
100875 64
101000 64
101125 64
101250 67
101500 64
102125 64
102250 67
102500 64
103125 64
103250 62 43
103500 60 43
103750 40 59
104000 41 60
104750 64
104875 64
105000 64
105125 64
105250 67
105500 64
106125 64
106250 67
106500 64
107125 64
107250 43 62
107500 43 60
107750 40 59
108000 41 60
108750 64
108875 64
109000 64
109125 64
109250 67
109500 64
110125 64
110250 67 40
110500 64
111125 64
111250 43 67
111500 64 40
111750 43 67
112000 69 45
112500 45
112625 45
112750 45 60
112875 45 60
113000 45 60
113125 45 60
113250 43 59
113500 43 55
114000 43 59
114125 43 59
114250 41 57
114500 41 53
115000 41 57
115125 41 57
115250 43 59
115500 40 55
115750 43
116000 45
116375 60
116500 45 60
116625 45 60
116750 45 60
116875 45
117000 45 60
117125 45 60
117250 43 59
117500 43 55
118000 43 59
118125 43 59
118250 41 57
118500 41 53
119000 41 57
119125 41 57
119250 40 59
119500 40 55
119750 43 59
120000 45 60
120375 60
120500 45 60
120625 45 60
120750 45 60
120875 45
121000 45 60
121125 45
121250 43 59
121500 43 55
122000 43 59
122125 43 59
122250 41 57
122500 41 53
123000 41 57
123125 41 57
123250 43 59
123500 40 55
123750 43
124000 45
124375 60
124500 45 60
124625 45 60
124750 45 60
124875 45 60
125000 45 60
125125 45 60
125250 43 59
125500 43 55
126000 43 59
126125 43 59
126250 41 57
126500 41 53
127000 41 57
127125 41 57
127250 40 59
127500 40 55
127750 43
128000 41
128750 64
128875 64
129000 64
129125 64
129250 67
129500 64
130125 64
130250 67
130500 64
131125 64
131250 62 43
131500 60 43
131750 43 59
132000 60 41
132250 40 64
132500 60
132750 62
133000 62
133250 40
133500 40
133750 64
134000 60
134250 62
134500 62
134750 40
135000 60
135250 64
135750 62
135875 60
136000 45 57
136500 45
136625 45
136750 45
136875 45
137000 43
137125 45
137250 47
137500 47
138000 45
138125 47
138250 48
138500 48
139000 48
139125 48
139250 47
139500 43
140000 45
140500 45
140625 45
140750 45
140875 45
141000 43
141125 45
141250 47
141500 47
142000 45
142125 47
142250 48
142500 48
143000 48
143125 48
143250 47
143500 43
144000 45 57 52
144500 45
144625 45
144750 45
144875 45
145000 43
145125 45
145250 47
145500 47
146000 45
146125 47
146250 48
146500 48
147000 48
147125 48
147250 47
147500 43
148000 45
148500 45
148625 45
148750 45
148875 45
149000 43
149125 45
149250 47
149500 47
150000 45
150125 47
150250 48
150500 48
151000 48
151125 48
151250 47
151500 43
152000 45
152375 60
152500 59
152625 57
152750 59
152875 57
153000 55
153125 50
153250 55
153375 57
153500 57
153625 57
153750 55
153875 57
154000 57
154125 57
154250 57
154375 60
154500 59
154625 57
154750 59
154875 57
155000 55
155125 50
155250 55
155375 57
155500 57
155625 57
155750 55
155875 57
156000 57
156125 57
156375 60
156500 59
156625 57
156750 59
156875 57
157000 55
157125 50
157250 55
157375 57
157500 57
157625 57
157750 55
157875 57
158000 57
158125 57
158250 57
158375 60
158500 59
158625 57
158750 59
158875 57
159000 55
159125 50
159250 55
159375 57
159500 57
159625 57
159750 55
159875 57
160000 57
160125 57
160375 60
160500 59
160625 57
160750 59
160875 57
161000 55
161125 50
161250 55
161375 57
161500 57
161625 57
161750 55
161875 57
162000 57
162125 57
162250 57
162375 60
162500 59
162625 57
162750 59
162875 57
163000 55
163125 50
163250 55
163375 57
163500 57
163625 57
163750 55
163875 57
164000 57
164125 57
164375 60
164500 59
164625 57
164750 59
164875 57
165000 55
165125 50
165250 55
165375 57
165500 57
165625 57
165750 55
165875 57
166000 57
166125 57
166250 57
166375 60
166500 59
166625 57
166750 59
166875 57
167000 55
167125 50
167250 55
167375 57
167500 57
167625 57
167750 57
167875 57
168000 45
168500 45
168625 45
168750 45 60
168875 45 60
169000 45 60
169125 45 60
169250 43 59
169500 43 55
170000 43 59
170125 43 59
170250 41 57
170500 41 53
171000 41 57
171125 41 57
171250 43 59
171500 40 55
171750 43
172000 45
172375 60
172500 45 60
172625 45 60
172750 45 60
172875 45
173000 45 60
173125 45 60
173250 43 59
173500 43 55
174000 43 59
174125 43 59
174250 41 57
174500 41 53
175000 41 57
175125 41 57
175250 40 59
175500 40 55
175750 43 59
176000 45 60
176375 60
176500 45 60
176625 45 60
176750 45 60
176875 45
177000 45 60
177125 45
177250 43 59
177500 43 55
178000 43 59
178125 43 59
178250 41 57
178500 41 53
179000 41 57
179125 41 57
179250 43 59
179500 40 55
179750 43
180000 45
180375 60
180500 45 60
180625 45 60
180750 45 60
180875 45 60
181000 45 60
181125 45 60
181250 43 59
181500 43 55
182000 43 59
182125 43 59
182250 41 57
182500 41 53
183000 41 57
183125 41 57
183250 40 59
183500 40 55
183750 43
184000 45
184500 45
184625 45
184750 45 64
184875 45 64
185000 45 64
185125 45 64
185250 67 43
185500 43 64
186000 43
186125 43 64
186250 67 41
186500 41 64
187000 41
187125 41 64
187250 62 43
187500 60 40
187750 59 43
188000 45 60
188500 45
188625 45
188750 45 64
188875 45 64
189000 45 64
189125 45 64
189250 67 43
189500 43 64
190000 43
190125 43 64
190250 67 41
190500 41 64
191000 41
191125 41 64
191250 62 40
191500 60 40
191750 59 43
192000 45 60
192500 45
192625 45
192750 45 64
192875 45 64
193000 45 64
193125 45 64
193250 67 43
193500 43 64
194000 43
194125 43 64
194250 67 41
194500 41 64
195000 41
195125 41 64
195250 62 43
195500 60 40
195750 59 43
196000 45 60
196500 45
196625 45
196750 45 64
196875 45 64
197000 45 64
197125 45 64
197250 67 43
197500 43 64
198000 43
198125 43 64
198250 67 41
198500 41 64
199000 41
199125 41 64
199250 62 40
199500 60 40
199750 59 43
200000 45 60
200500 45
200625 45
200750 45
200875 45
201000 43
201125 45
201250 47
201500 47
202000 45
202125 47
202250 48
202500 48
203000 48
203125 48
203250 47
203500 43
204000 45
204500 45
204625 45
204750 45
204875 45
205000 43
205125 45
205250 47
205500 47
206000 45
206125 47
206250 48
206500 48
207000 48
207125 48
207250 47
207500 43
208000 45
208500 45
208625 45
208750 45
208875 45
209000 43
209125 45
209250 47
209500 47
210000 45
210125 47
210250 48
210500 48
211000 48
211125 48
211250 47
211500 43
212000 45
212500 45
212625 45
212750 45
212875 45
213000 43
213125 45
213250 47
213500 47
214000 45
214125 47
214250 48
214500 48
215000 48
215125 48
215250 47
215500 43
