476 44
2903 48
5285 59
5471 71
5588 66
5913 59
6099 71
6250 66
6563 59
6888 66 59
7213 59
7364 71
7538 66
7864 59
8015 71
8189 66
8503 71 59
8828 66
9153 59
9315 71
9479 66
9794 59
9956 71
10119 66
10432 59
10629 71
10757 66
11082 59
11279 71
11419 66
11722 59
12047 66 59
12372 59
12546 71
12697 66
13022 59
13184 71
13347 66
13650 71 59
13987 66
14301 59
14637 66
14962 59
15136 71
15276 66
15579 40
15719 59 40
15881 40
15915 52 66
16868 59
17215 66
17344 59
17856 66
18181 42
19481 59
19656 71
19796 66
20109 59
20295 71
20423 54 66
20748 47 63
20852 44 59
21014 44
21084 66
21282 63
21409 71
21493 59
21725 66
22050 59
22201 71
22375 66
22711 59
23025 66
23118 59
23350 42
23989 59
24628 59
24953 66
25278 59
25594 66 54
25919 40 52
26569 59
27219 63
27334 59
28172 59
28497 42 64
28822 63
29309 61
29787 61
30112 63
30437 59
30657 54
31099 63
31214 44 54
31715 59
32365 63
32656 59
33340 59
33668 64 42
33993 63
34318 61
34643 59
34956 61
35281 63
35596 54 66
35932 63
36246 40 52
36884 59 40
37536 63
38500 59
38825 64 42
39150 63
39464 61
40114 61
40439 63
40764 59
40881 54
41405 63 54
41521 44
42044 59
42705 63
43658 59
43995 64 42
44308 63
44633 61
44958 59
45283 61
45599 63
45924 54 66
46249 63
46574 40 52
46922 40
47224 59
47852 63
48827 59
49152 42 64
49467 63
49943 61
50443 61
50768 63
51093 59
51197 54
51721 63 54
51836 44
52325 59
52475 59
52812 54
53021 63
53289 59
53986 59
54311 64 42
54636 63
54961 61
55264 59
55601 61
55926 63
56239 54 66
56576 63
56889 52 40
57239 40 52
57518 40 59
58180 63
59155 59
59470 64 42
59783 63
60108 61
60770 61
61095 63
61398 59
61514 54
62060 63 54
62176 44
62699 63
62792 59
63094 54
63338 63
64313 59
64627 42 64
64963 63
65278 61
65604 59
65929 61
66243 63
66568 66 54
66904 63
67219 59 40 66
67498 40
67532 63
67857 66 47
68171 63
68507 51 66 47
68832 70 63 51
69147 66 47
69460 63 51
69798 66 42
70111 63
70448 66 47
70761 63
71086 66 47 51
71401 63 51
71726 66
71796 47
72051 63
72376 47 63 44
72527 44 47
72561 66
72712 63 44
73014 66 56 47
73132 63
73329 63
73667 51 63 66 47
73992 70 63 51
74317 47
74630 51 63
74955 66 42 47
75281 63
75710 47
75920 63
76245 51 66 47
76570 63
76605 70
76895 66 47
77209 51 63
77534 66 40
77639 47
77721 40
77860 63 40
78173 66 47
78510 63
78835 51 66
78928 47
79150 63 51
79231 70
79475 66 47
79788 63 51
80125 42
80450 63
80775 66 47
81067 63
81392 47 51 66
81728 51 63
82054 66 47
82379 63
82704 44 47 63 66
82855 44 47
83040 63 44
83344 66 56 47
83459 63
83669 63
83994 51 66 47
84307 70 63 51
84713 47
84969 51 63
85283 66 42
85609 63
86038 47
86248 63
86584 66 51
86711 47
86898 63
87212 66 47
87339 51
87526 51 63
87862 63 44
87967 47
88118 59
88338 56
88629 59
88780 59
89152 54 40
89443 40
89628 52
89965 54
90442 63
90487 47
90929 59 47
91244 63
91697 58
91731 42
91847 58
92404 54
92636 58
93009 59 63 44
93822 59
94310 54
94345 40
94809 52
95112 54
95600 63
95634 47
96192 59
96412 63
96900 58 42
97539 54
97796 58
98178 40
98387 52
98434 40
98829 59 40
99051 52
99457 63
100444 59
100757 64 42
101072 63
101640 61
102059 61
102372 63
102698 59
102848 54
103349 44 63 54
103500 44
104080 59
104637 63
105590 59
105915 61 64 42
106253 63
106578 61
106892 59
107218 61
107531 63
107868 54 66
108506 59 40
108692 40
108878 40
109111 52
110924 47
111075 66
111145 47
114803 71
116278 44
118509 75
118812 42
120484 54
120984 54
121402 40
121913 42
122273 54
125259 52
126664 44
126699 40
128814 63
129151 64 42
129476 63
129789 42 61
130114 59
130439 61
131521 54
131719 40
131893 40
131985 52
132032 40
132369 71
133020 66
133658 71
134308 71
134949 71
135274 66
135599 66
135750 40
136249 71
136608 52
137387 52
137632 59
140664 52
