0 42 70 51
47 58
128 46 42
1313 51
1615 51 42
1673 71 47
1836 47 42
1952 51
2045 47
3230 70 58 49
3288 46
3370 54 42
4196 49
4857 41 68 44 49
4915 56
5031 49 61
5089 41
5194 49
6483 51 58 46
6553 42
7284 63 75 46
7343 70 42
7389 78
7691 63 75
7749 70
7796 78
7911 46
7958 51
8039 42
8087 47 51
8169 42
8308 47 42
8900 59 47 75
8958 71 78
9039 42
9318 75 78
9399 71
9678 42
9724 49
9771 46
9852 54 42
10514 66 54 73 78 70 42
10933 66 78 54 70 42
10979 73
11351 56 49 44
11409 41
11513 53 49
11746 56 68
12141 70
12351 68
12548 70
12769 73
12954 70 58 46
13186 51
13430 68 54 46
13581 51
13779 58 46
13860 70 54
13987 51
14245 68 46 54
14396 51
14593 54 70
14662 47
14802 51
14987 68 59
15080 54 47
15220 51
15405 54 70
15486 47
15603 51
15649 68
15800 59 70 54 47
16021 51 73
16207 58 70 46
16475 49
16602 68 46
16637 54
16904 49
17021 58 70 46
17090 54
17229 49
17415 68 46 54
17578 54
17635 61 49
17833 70 44
18089 49
18218 53
18276 68 44
18380 53
18438 61 49
18635 44
18775 49 53
18937 49
19053 44 53
19344 49
19459 46
19646 66 63 51
19866 63 54 46
20041 63 46 51
20251 63 54 46
20471 46 51
20506 66
20680 46
20750 54
20877 51
21145 47
21272 63 66 51 47
21481 66 63 54
21551 59 47
21678 51 63
21876 66 51 54
21946 59 63
21980 47
22098 51
22145 47
22283 54
22353 59 47
22515 51
22702 46
22887 66 61
22980 49
23108 61 46 66 54
23294 63 46
23398 49
23514 61 46 66 54
23711 61 49
23909 61 49 46
23966 68 54
24107 65 49
24386 44
24526 49 65 61
24723 44 49
24815 53
24921 65
25036 49
25187 49 61 44
25246 53
25384 56
25420 49
25559 53
25605 44
25640 49
25756 44
25814 49
25954 46
26129 63 66 51
26338 63 66 46
26420 54
26535 63 46 51
26745 63 66 46
26814 54
26953 70 51
27162 46
27255 54
27372 51
27627 47
27765 66 63 51
27953 63 66 59 51 54 47
28162 63 51
28359 66 51 63 54
28429 59
28463 47
28591 51
28777 54
28835 59 47
28998 51
29183 46
29474 49
29590 61 46 66 54
29787 63 61
29891 49
29986 66 61 46
30068 54
30183 61 68 49
30393 61 65 46
30451 68 54
30508 49
30589 65 61
30682 49
30880 44
31020 65 61 49
31275 44
31309 53
31472 61 49
31507 56
31634 44 53
31821 66 49 44 61
32019 66 49
32077 44
32112 53
32216 61 49
32298 66
32413 61 46
32646 51
32832 66 61 54
32878 46
33040 70 51 58
33122 61
33261 46
33320 54
33447 51
33645 54
33714 61 46
33830 63 68
33900 51
34052 47
34250 51 70 63
34458 59 54
34539 47
34645 66 54 70
34702 51 73
34864 66 54 47
34911 59
35062 66 70 51
35271 59 54 47
35446 63 68 51
35678 61
35724 46 66
35794 49
35957 49
36062 66 61 54 46
36271 61
36363 49
36480 54 46
36677 54 66
36735 70 49
36898 46
36968 54
37083 46 61 49 68 65
37270 56
37362 44
37432 49
37559 61 49
37710 44 53 49
37898 44 68 73 61
37956 49
38095 71 53
38153 44
38281 53 70 65
38397 49
38513 53
38571 68 44
38710 66 61
38791 49
38920 61 66 46
39001 78
39128 51
39326 66 61 46
39396 54
39534 51 58
39615 61
39790 46 54
39931 51
40128 58
40186 54 61 46
40313 63 68 51
40546 47
40732 66 47 70 51
40952 59 54
41033 47
41150 70 51
41196 73
41335 71 59 54 47
41545 66 54 70 51
41753 66 54 59 68
41834 47
41940 66 51
42137 61 46
42173 66
42370 49
42568 46
42649 54
42764 61 49
42962 71 46 54
43171 66 70
43240 49
43369 61 68 46
43438 54
43565 66 49
43786 68 56 65
43845 61 44
43904 49
44044 49
44182 68 56
44240 44 49
44391 44 68
44450 49
44588 70 44
44658 49
44786 68
44856 44 49
44983 70
45019 44
45053 49
45181 73 49
45215 53
45402 51 58 70
45471 46 66
45796 63 51 68
45868 58
46018 51
46100 46
46204 66 70 42
46250 51 46
46412 66 68
46448 51 46
46599 46 58 66 51 70 42
46750 46
46784 54
46820 51 73
46854 42
47016 51 47 54 66 70 63
47075 42
47423 63 66 54 68
47481 51
47539 47
47655 51
47819 42 66 63 47 51 70
48028 66 63 51 47
48098 68
48225 70 66 51 63 42
48319 47
48423 51 63 68 66
48620 49 61
48689 66 42
48725 78
48840 61 66
48933 49
49050 61 54
49131 66
49177 42 78
49258 46 54
49316 42 66
49456 61 54 42
49490 46 66
49537 78 49
49688 42
49852 68 49
49910 61
50003 42
50061 49 68
50096 61
50154 42
50270 44 56 49
50676 56 44
50874 56 65 68 53 49 44
51071 65 70 44
51280 56 65 68 53
51350 44
51477 65 70
51512 44
51675 73
51874 63 70 46 58 51
52280 63 46
52337 51 68 58
52500 63 51
52581 42
52686 70 58 51
52721 46
52895 63 51 68
52988 46
53104 58 51 70
53174 42
53220 46
53301 54 73 51
53371 42
53499 47 54 66 70
53580 42
53906 47 51
53941 42
54127 47
54312 66 47 51 54
54394 71
54440 42
54522 66 47 51
54569 70 42
54719 63 51 47
54777 68
54916 63 66 47 51 42
55126 49 61 66 42
55241 78
55555 54 66
55613 42 78
55740 46 42 56
55800 75
55939 56 46
55986 42
56149 42 56
56334 56
56427 75 42
56544 73
56601 54 42 49
56763 44
57112 49 41
57182 56 44
57368 56 44
57426 41
57577 56 44 41
57681 49
57775 56 44
57949 66
57984 56
58088 44
58181 41 66
58344 78
58564 78
58715 42
58785 51 46
58971 77 58
59006 51 46
59191 51 46
59250 58
59377 73 51
59435 46
59598 51
59633 46
59785 46
59843 71
59889 51
60005 47 42
60411 42 51
60505 47
60690 47
60819 42 51
60911 47
61004 66 54
61120 47
61213 66 54
61282 42
61318 47
61410 66 51 42
61550 78
61631 42
61806 78
62027 42
62212 77 58
62271 46
62318 49
62445 58 42
62631 73
62688 61
62839 46 49
62932 42
63013 61 68
63083 49
63119 42
63246 44 56 49
63652 49 56 41 44
63781 49
63862 56 44
64060 56
64118 44
64257 56 44
64455 66
64524 44
64652 41 66
64745 78
64861 58 46
65058 63 58 66 51 46
65268 63 46 51 54 58
65464 63 46 51
65674 63 58 51 46 66
65733 70 54
65873 51
66081 46 51
66162 54
66290 51
66476 47
66674 66 63 59 47 51
66882 63 59 66 47 54 70
66940 51
67091 63 51 59
67288 63 66 47 51
67382 59 54 71
67521 51
67720 51
67754 59 54
67801 47
67894 66 51
68091 46
68288 66 58 46 61
68405 49
68521 46 66
68568 54 49
68706 58 63
68776 49
68915 61 46 54 66
68962 49
69112 46 61
69182 68 49
69333 46
69380 61 68 49 54
69520 65 61
69565 56
69601 49
69718 56 44
69915 65
69973 49
70043 56
70148 61
70194 49
70252 53 44
70345 65 61 49
70461 44
70530 61 49
70600 44
70681 53
70762 61
70821 49
70856 56
70949 44 53
71006 49
71134 56 44 63 68
71238 49
71355 46
71552 58 51 66
71610 63
71751 63 51 46
71832 54
71948 63 58 51 46
72146 63 70 66 51 46 58 54
72378 63 51
72563 46
72645 51 54
72784 51
73028 47
73168 47 59 66 51 70
73306 47
73376 66 63 59 51
73470 54 47
73574 59 63
73644 51
73773 71 51 66 47
73865 54 59
73981 70 51
74179 47 51 54
74236 59
74411 51
74585 46 58
74782 66 58
74852 61 49
74991 66 46
75084 54 49
75188 63 46 58
75294 49
75409 66 61 54 70
75456 49 46
75607 61 66 54 49
75654 71
75794 66 70 54 46
75898 49
76003 54 66 61
76037 49
76211 44
76398 68 56 49 44 65
76468 61
76630 49
76687 44
76746 53
76827 70
77025 44 53
77094 49
77222 66
77303 49
77431 53 66 44
77512 49
77618 63 66 58
77699 49
77746 46
77827 58 63 66
77920 46
78048 51
78245 46
78291 51 63 54
78454 58 51
78535 61
78651 46 51
78721 54
78813 46
78872 51
79057 54 51
79138 46
79244 54 63 66 68 51
79452 47 59
79628 63 47 66 70 51
79872 70 59 54 51 47
80057 71 54 66
80161 51
80254 63 47 54
80301 59 51
80440 47 63 54 66 51 70
80661 63 66 59 51 47 54 70
80870 68 51 61
81079 58 46
81149 66 61
81183 49
81346 49
81450 54
81485 61 66 46
81566 49
81614 54
81660 58
81696 49
81741 61
81800 58
81893 54 49 46
82090 54 66 61 49
82148 70
82299 46
82357 49
82415 54
82485 68 65 46 61
82566 49
82671 56
82705 44
82903 61
82949 49
83112 44 53
83194 49
83309 68 53 65 73
83356 49 61
83519 68 71 53
83578 44 49
83705 70 65 61
83740 49
83914 53 49
83973 44 68
84100 63 66 58
84216 49 46
84321 58 68 63
84413 70 46
84518 51 68
84715 63 51 46 54 66
84924 46 58 61 70 51
85145 54 46 51
85354 51
85528 61 46 51
85727 61 68 66
85773 51
85889 54
85994 47
86133 63 47 66 70 51
86354 59 54 47 51
86551 66 63 70 51
86749 71 66 51 54 47 59
86946 66 63
86993 70 51
87155 47 59 51 68
87259 54
87363 61 66 51
87433 78
87551 61 46 58 66
87666 49
87840 49
87980 54 46
88050 49
88166 58 54 66
88224 49 61
88294 78
88375 54 46 71
88422 49
88560 54 66 70
88596 49
88781 68 66 49 46
88851 54
88968 66 49 61
89176 49 65 56 68 44
89246 61
89397 49
89584 49 56 68
89653 44
89781 49
89851 44
90002 49 44
90048 70
90187 68 49 56
90246 44
90397 44 49 70
90594 73
90803 75 70 51 63
90849 46
91198 51 68 46
91279 58
91430 51 46
91605 70
91652 46 51
91814 51 68 46
92011 70 46 58 51
92209 73 51
92418 47 70 75 42
92464 78
92894 68
93219 47 70 42 51
93522 68
93627 70 51
93754 42
93835 68
94033 78 66 49 73 56
94126 42
94241 66 78
94521 66
94579 42
94741 42
94857 66 54 78
94974 42
95136 66 42
95263 56 68 49
95461 68 61
95508 73
95566 49
95672 44
95869 70
96078 44
96182 49
96275 44 68 56
96484 70 44
96681 68 56
96739 44
96785 49
96879 70
96913 44
97087 73
97297 58 75
97331 78
97366 70 51
97448 46
97670 68 51
97715 46
97913 51 46
98099 70 58 51 46
98308 51 68
98505 70 58 51
98563 46
98703 73 51
98911 47 70 78 75
98981 42
99318 51
99376 42
99434 47
99528 51
99714 71 47 51
99819 42
99911 47 51 70
99993 42
100202 68
100318 66 78
100527 73 70 66 42
100620 78
100933 66 42 78
101154 46 75 56
101362 56 42
101573 42
101747 75 56 46
101945 68 56
102026 49
102165 56 44
102351 70
102548 68 49 56
102618 44
102791 49 44
102978 44 49
103186 44 56
103373 78 66
103419 44
103559 78 66
103769 58 70 46
103827 51
104175 51 46
104245 58 42
104419 51
104477 46 42
104604 51 46
104651 68 58
104813 51
104872 58 46 42
105010 51
105069 46 58 42
105220 51
105278 46 42
105394 70 47
105464 42
105778 51
105813 47
105859 71
105929 42
105999 70 58
106057 51
106091 42 47 68
106220 54 42
106312 47
106428 54
106533 47
106603 78 66 54
106707 47 42
106811 78 66
106881 42
107044 56 42 78
107428 42 56 46
107614 75 56 63
107660 46
107834 54 78 56
107881 66 46
107927 42
108021 68 49 56
108113 46 42
108253 58
108299 46 70 42
108427 61 56 46
108497 68 49 42
108648 56 44
108694 49
109007 41
109054 56 44
109262 56 44
109461 56 41
109520 44
109577 49
109671 56 44
109868 53 56
110007 44
110147 41
110251 70 58 51
110285 41
111063 68
111365 41 51
111877 70 42 54
111947 47
112284 71
112481 70
112585 68
112818 47
113097 78 66
113294 78 66
113457 54
113515 42
113608 54
114096 63 75
114316 54 78 66
114514 68
114711 70
114921 68
115118 61 56
115187 49
116756 51 58 70 46
116907 46 51
117558 68 46
118313 42
118372 70
118440 47
118487 42
118778 71
118812 47
118975 70
119079 68
119580 66 78
119777 66 78
119998 49 54 42
120590 75 63
120787 78 66 54
121020 68
121171 49
121216 70
121404 49 68
121625 56 49 44
123215 51 70
123250 63
123368 51 58
124029 68 46
124865 47 54
125260 68
125447 68
125656 70
125876 68
126074 70
126225 42
126283 73
126480 70 73 61 54
126875 68
127282 42 70
127688 68
128107 49 56
128293 63
128513 70
128606 68 56
128710 70
128815 68 56
129116 70
129710 70 51 58
131349 47
131464 54
131744 68
132138 70
132428 68
132602 73 70
132765 73
132951 54 61
133021 70
133102 54
133428 68
133776 42
133834 70
134252 68
134601 56 49
135007 54
135215 54
135403 56
135612 58
135809 56
136019 54
136215 56
136622 54
136691 75
136912 73
137016 75
137122 56
137214 78 58
137412 75 56
137633 73
137738 54
137831 75
137924 56
138226 75 54
138539 73 54
138632 75
138748 56
138864 58
138910 78
139050 68 56
139237 78 54
139469 54
139666 54
139852 54
140143 78
140282 54
140456 54
140664 68 56
140862 78 75
140978 56
141072 77
143104 68
143291 68
143488 70
143698 68
143907 70 58 46
144104 73
144313 51 75 63 70
144371 78
144452 46 51
144720 75 51 56 68 46
144939 51
144975 46
145137 75 51 46 70
145325 75 51 46
145382 68
145522 58 42 75 51 70 63
145650 46
145731 73 51
145824 42
145928 47 70 75
146021 42
146334 75 47 56
146415 68
146740 47 51 75 70
146799 42
146950 75
147020 68
147149 47 75 70 51
147206 42
147334 75
147438 68
147555 66 73 70
147612 42
147659 78
147752 66
147810 73 70
147961 66
148007 54 70 78
148077 42
148239 42
148368 70 54
148413 73 42 66
148588 42
148785 70 42
148995 70 42
149087 68 49
149122 73
149181 44 56
149298 77
149600 56 44
149785 56 68
149855 44
149982 70
150076 44
150191 56 68 49
150458 70
150598 73
150807 75 58 51 70
150853 78 46
151203 75 68 56 51
151249 46
151424 51 46
151598 75 63 51 70
151806 75 51
151853 46
151887 68
152027 58 51 70
152085 46
152225 51 78
152422 75 70 47
152457 42
152839 51 47
152886 42
153060 47
153212 75 71 47
153433 47 51 75 70
153480 42
153643 75
153712 68
153839 75 70 66 78 51
154049 73 70 66 42
154466 46 42
154640 78 66
154873 56 54
154931 42
155082 42
155246 78 66 54 42
155455 77 73 42 58
155525 49
155675 77 49
156024 41
156094 44
156302 44
156488 56 44
156732 44
156871 78 66
156987 44
157081 66 78
157360 66
157487 78
157638 42
157697 51 46
157894 58 77 70 51
157940 46
158103 51 46
158161 58
158288 73 54
158358 51 46
158394 42
158521 51
158556 46
158707 71 63 75 51 78
158858 71
158927 47
159311 47 42 51
159521 47 54
159719 47 42
159904 78 66 47 75
159962 71
160125 75 66 54 78 47
160333 51 70 66
160369 54 73 42
160728 78 66
160949 42 46
161136 58 77
161182 46
161356 42
161543 54 66 73 61
161716 54
161751 56
161798 46
161949 68 61
162030 49
162157 56 77
162215 44
162563 49 56 44
162796 44
162982 56 44
163169 56
163355 66
163471 44
163563 66
163645 41
163737 78
163970 78
164190 78 51 46
164376 77
164597 58 51 46
164782 70 51 58
164852 46
165003 51
165109 46
165179 78
165225 59 46 51
165399 42 47
165805 47 42
166212 47
166305 42
166398 66 47
166490 42
166607 66 47
166653 42
166827 70
166874 42
167026 54
167073 49 42
167211 68
167339 49
167444 42
167606 42 70 66
167885 49 42
168025 68 49 56
168303 42
168443 70 65
168477 42
168651 49 44
168790 49
169048 68 56 44
169116 49
169535 44 66 49
169686 44
169849 68 56 44
170069 44 66
170266 63 78 75 66
170325 51 70
170673 63
170951 61
171545 61
171673 59
171881 63 66
171974 71 59 47
172485 58
172695 58
172903 58
173090 58
173241 66
173508 78 66 70 73
173578 54
173612 58
173914 54
174216 54
174519 63
174996 61
175135 73 68 65 61
175181 49
175715 65
175936 66
176133 65
176331 63
176539 61
176749 63 75 61 66
176807 78 70
177214 61
177354 58
177923 54
178074 54
178236 61
178375 63 47 66
178456 71 59
178573 63
178969 58
179178 58
179375 58
179584 58
179781 61
179990 54 61 78 66
180049 70 73
180257 61
180594 58
180990 58
181397 61
181629 56 68 65
181663 49 73 61
181803 56
183139 41
