0 59 62 66 47
272 59 62 66
545 47
681 59 62 66
818 59 62 66
954 59 62 66
1090 55 59 62 43
1363 55 59 62
1636 43
1772 55 59 62
1909 55 59 62
2045 55 59 62
2181 57 62 66
2454 57 62 66
2863 57 62 66
3000 57 62 66
3136 57 62 66
3272 57 61 64 45
3545 57 61 64
3818 45
3954 57 61 64
4090 57 61 64
4227 57 61 64
4363 59 62 66 47
4636 59 62 66
4909 47
5045 59 62 66
5181 59 62 66
5318 59 62 66
5454 55 59 62 43
5727 55 59 62
6000 43
6136 55 59 62
6272 55 59 62
6409 55 59 62
6545 57 62 66
6818 57 62 66
7227 57 62 66
7363 57 62 66
7500 57 62 66
7636 57 61 45
7909 57 61
8045 57 61
8181 57 61 42
8454 58 61
8590 58 61
8727 59 47
9000 50 54
9272 71 47
9409 71
9545 71 50 54
9681 71
9818 59 62 43
10090 47 55
10363 69 43
10636 66 47 55
10772 69
10909 62 66
11181 42 45
11454 64
11727 62 42 45
11863 62
12000 45
12272 42 49
12545 45
12818 42 49
13090 62 66
13363 47
13636 71
13909 71 47
14045 71
14181 62
14318 69
14454 43
14590 69
14863 66
15000 69 43
15545 42 45
16090 42 45
16363 49 52 45 57
16909 57 42
17454 62 66 47
17727 50 59
18000 71 47
18136 71
18272 50 59
18409 71
18545 62 43
18818 69 47 55
19090 69 43
19363 66 47 55
19500 69
19909 42 45
20181 64
20454 62 42 45
20590 62
20727 45
21000 42 49
21272 45
21545 42 49
22090 47
22363 66 69
22500 66 69
22636 47
22909 67 59
23181 43
23454 69
23727 69 43
24000 66
24136 64
24272 62 42 45
24818 42 45
25090 45 49 52 57
25636 57 42
26181 47
26454 50 54
26727 62 47
26863 71
27000 50 54
27136 71
27272 43
27409 69
27545 47 55
27818 43
27954 69
28090 66 47 55
28363 69
28636 66 42 45
28909 66
29181 42 45
29318 64
29454 62 45
29590 62
29727 42 49
30000 45
30272 42 49
30818 42
31090 62
31227 71
31363 42
31500 71
31636 71
31909 69 43
32181 69
32454 66 43
32727 69
32863 71
33000 42 45
33545 42 45
33818 45 49 52 57
34363 42
34909 66 47
35181 69
35454 71 47
35727 73 50 54
35863 74
36000 43
36136 74
36272 47 55
36409 69
36545 43
36681 66
36818 69 47 55
37091 66
37363 64 42 45
37500 64
37772 62
37909 62 42 45
38181 62 45
38454 42 49
38727 45
39000 42 49
39272 47
39545 50 54
39818 66 47
40091 67 50 54
40363 69 43
40636 47 55
40909 69 43
41181 47 55
41454 66
41522 64
41591 62
41727 42 45
42272 42 45
42545 61 64 69 45 57
43091 69 66
43363 71 45 52 57
43636 73
43909 74 62
44181 47
44454 74 50 54
44727 47
45000 71 50 54
45272 62 43
45545 69 47 55
45818 43
46091 71 47 55
46363 69
46636 42 45
47181 42 45
47454 45 49 52 57
48000 69 66 45
48272 71 42 49
48545 73 45
48818 74 42 49
49363 74 42
49909 78 42
50181 62
50454 79 43
51000 78 43
51136 76
51272 74
51545 42 45
52091 42 45
52363 45 57 49 52
52909 71 42
53181 73
53454 74 47
53727 50 54
54000 78 47
54272 78 50 54
54545 79 43
54818 47 55
54954 79
55091 43
55363 47 55
55772 78
55909 42 45
56454 42 45
56591 69
56727 71 45 49 52 57
57272 69
57818 47
58091 50 54
58363 69 47
58636 69 50 54
58909 67 43
59181 66 47 55
59318 64
59454 43
59727 62 47 55
60000 62
60272 42 45
60818 42 45
61091 45 49 52 57
61636 69 66
61909 71 45 52 57
62181 73
62454 74 62
62727 47
63000 74 50 54
63272 47
63545 71 50 54
63818 62 43
64091 69 47 55
64363 43
64636 71 47 55
64909 69
65181 42 45
65727 42 45
66000 45 49 52 57
66545 69 66 45
66818 71 42 49
67091 73 45
67363 74 42 49
67909 74 42
68454 78 42
68727 62
69000 79 43
69545 78 43
69682 76
69818 74
70091 42 45
70636 42 45
70909 45 57 49 52
71454 71 42
71727 73
72000 74 47
72272 50 54
72545 78 47
72818 78 50 54
73091 79 43
73363 47 55
73500 79
73636 43
73909 47 55
74318 78
74454 42 45
75000 42 45
75136 69
75272 71 45 49 52 57
75818 69
76363 47
76636 50 54
76909 69 47
77182 69 50 54
77454 67 43
77727 66 47 55
77863 64
78000 43
78272 62 47 55
78545 62
78818 42 45
79363 42 45
79636 45 49 52 57
80182 71 59
80650 71 59
81119 69 57
81236 71 59
81353 74 62
81471 71 59
82057 69 57
82174 71 59
82291 69 57
82408 74 62
82877 74 62
83346 74 62
83463 76 64
83580 74 62
83697 76 64
83814 74 62
83932 78 66
84166 74 62
84400 71 59
84869 71 59
85338 69 57
85455 71 59
85572 74 62
85689 71 59
86275 69 57
86392 71 59
86510 69 57
86627 74 62
87096 74 62
87564 74 62
87682 76 64
87799 74 62
87916 76 64
88033 74 62
88150 78 66
88385 74 62
88619 71 59
89088 71 59
89557 69 57
89674 71 59
89791 74 62
89908 71 59
90494 69 57
90611 71 59
90728 69 57
90846 74 62
91314 74 62
91783 74 62
91900 76 64
92017 74 62
92135 76 64
92252 74 62
92369 78 66
92603 74 62
92838 71 59
93307 71 59
93775 69 57
93892 71 59
94010 74 62
94127 71 59
94713 69 57
94830 71 59
94947 69 57
95064 74 62
95533 74 62
96002 74 62
96119 76 64
96236 74 62
96353 76 64
96471 74 62
96588 78 66
96822 74 62
97057 71 59
97525 71 59
97994 69 57
98111 71 59
98228 74 62
98346 71 59
98932 69 57
99049 71 59
99166 69 57
99283 74 62
99752 74 62
100221 74 62
100338 76 64
100455 74 62
100572 76 64
100689 74 62
100807 78 66
101041 74 62
101275 71 59
101744 71 59
102213 69 57
102330 71 59
102447 74 62
102564 71 59
103150 69 57
103268 71 59
103385 69 57
103502 74 62
103971 74 62
104439 74 62
104557 76 64
104674 74 62
104791 76 64
104908 74 62
105025 78 66
105260 74 62
105494 71 59
105963 71 59
106432 69 57
106549 71 59
106666 74 62
106783 71 59
107369 69 57
107486 71 59
107603 69 57
107721 74 62
108189 74 62
108658 74 62
108775 76 64
108893 74 62
109010 76 64
109127 74 62
109244 78 66
109478 74 62
109713 71 59
110182 71 59
110650 69 57
110768 71 59
110885 74 62
111002 71 59
111588 69 57
111705 71 59
111822 69 57
111939 74 62
112408 74 62
112877 74 62
112994 76 64
113111 74 62
113228 76 64
113346 74 62
113463 78 66
113697 74 62
113932 71 59
114400 71 59
114869 69 57
114986 71 59
115103 74 62
115221 71 59
115807 69 57
115924 71 59
116041 69 57
116158 74 62
116627 74 62
117096 74 62
117213 76 64
117330 74 62
117447 76 64
117564 74 62
117682 78 66
117916 74 62
118150 71 59
118619 71 59
119088 69 57
119205 71 59
119322 74 62
119439 71 59
120025 69 57
120143 71 59
120260 69 57
120377 74 62
120846 74 62
121314 74 62
121432 76 64
121549 74 62
121666 76 64
121783 74 62
121900 78 66
122135 74 62
122369 71 59
122838 71 59
123307 69 57
123424 71 59
123541 74 62
123658 71 59
124244 69 57
124361 71 59
124479 69 57
124596 74 62
125064 74 62
125533 74 62
125650 76 64
125768 74 62
125885 76 64
126002 74 62
126119 78 66
126354 74 62
126588 71 59
127057 71 59
127525 69 57
127643 71 59
127760 74 62
127877 71 59
128463 69 57
128580 71 59
128697 69 57
128814 74 62
129283 74 62
129752 74 62
129869 76 64
129986 74 62
130104 76 64
130221 74 62
130338 78 66
130572 74 62
130807 71 59
131275 71 59
131744 69 57
131861 71 59
131979 74 62
132096 71 59
132682 69 57
132799 71 59
132916 69 57
133033 74 62
133502 74 62
133971 74 62
134088 76 64
134205 74 62
134322 76 64
134439 74 62
134557 78 66
134791 74 62
135025 71 59
135494 71 47
135631 71
135767 71 50 54
135903 71
136040 59 62 43
136312 47 55
136585 69 43
136858 66 47 55
136994 69
137131 62 66
137403 42 45
137676 64
137949 62 42 45
138085 62
138221 45
138494 42 49
138767 45
139040 42 49
139312 62 66
139585 47
139858 71
140131 71 47
140267 71
140403 62
140540 69
140676 43
140812 69
141085 66
141221 69 43
141767 42 45
142312 42 45
142585 49 52 45 57
143131 57 42
143676 62 66 47
143949 50 59
144221 71 47
144358 71
144494 50 59
144631 71
144767 62 43
145040 69 47 55
145312 69 43
145585 66 47 55
145721 69
146131 42 45
146403 64
146676 62 42 45
146812 62
146949 45
147221 42 49
147494 45
147767 42 49
148312 47
148585 66 69
148721 66 69
148858 47
149131 67 59
149403 43
149676 69
149949 69 43
150221 66
150358 64
150494 62 42 45
151040 42 45
151312 45 49 52 57
151858 57 42
152403 47
152676 50 54
152949 62 47
153085 71
153221 50 54
153358 71
153494 43
153631 69
153767 47 55
154040 43
154176 69
154312 66 47 55
154585 69
154858 66 42 45
155131 66
155403 42 45
155540 64
155676 62 45
155812 62
155949 42 49
156221 45
156494 42 49
157040 42
157312 62
157449 71
157585 42
157721 71
157858 71
158131 69 43
158403 69
158676 66 43
158949 69
159085 71
159221 42 45
159767 42 45
160040 45 49 52 57
160585 42
161131 66 47
161403 69
161676 71 47
161949 73 50 54
162085 74
162221 43
162358 74
162494 47 55
162631 69
162767 43
162903 66
163040 69 47 55
163585 64 42 45
163721 64
163994 62
164131 42 45
164403 45
164676 42 49
164949 45
165222 42 49
165494 47
165767 50 54
166040 66 47
166312 69 50 54
166585 43
166858 47 55
167131 69 43
167403 69 47 55
167676 66
167744 64
167812 62
167949 42 45
168222 62
168494 42 45
168767 69 66 45 57
169040 71
169312 73 45 52 57
169585 74 62
169858 74 50 54
170131 47
170403 71 50 54
170676 62 43
170949 69 47 55
171222 43
171494 71 47 55
171767 69
172040 42 45
172585 42 45
172858 45 49 52 57
173403 71 66 42 49
173676 73 45
173949 74 42 49
174494 74 42
175040 78 42
175312 62
175585 79 43
176131 78 62 43
176267 76
176403 74
176676 42 45
177222 42 45
177494 45 57 49 52
178040 71 42
178312 73
178585 74 47
178858 50 54
179131 78 47
179403 78 50 54
179676 79 43
179949 47 55
180085 79
180222 43
180494 47 55
180903 78
181040 42 45
181585 42 45
181722 69
181858 71 45 49 52 57
182403 69
182949 47
183222 50 54
183494 69 47
183767 69 50 54
184040 67 43
184312 66 47 55
184449 64
184585 43
184858 62 47 55
185131 62
185403 42 45
185949 42 45
186222 69 66 45 49 52 57
186494 71
186767 73 45 52 57
187040 74
187312 74 50 54
187585 47
187858 71 50 54
188131 62 43
188403 69 47 55
188676 43
188949 71 47 55
189222 69
189494 42 45
190040 42 45
190312 45 49 52 57
190858 71 66 42 49
191131 73 45
191403 74 42 49
191949 74 42
192494 78 42
192767 62
193040 79 43
193585 78 62 43
193722 76
193858 74
194131 42 45
194676 42 45
194949 45 57 49 52
195494 71 42
195767 73
196040 74 47
196312 50 54
196585 78 47
196858 78 50 54
197131 79 43
197403 47 55
197540 79
197676 43
197949 47 55
198358 78
198494 42 45
199040 42 45
199176 69
199313 71 45 49 52 57
199858 69
200403 47
200676 50 54
200949 69 47
201222 69 50 54
201494 67 43
201767 66 47 55
201903 64
202040 43
202313 62 47 55
202585 62
202858 42 45
203403 42 45
203676 45 49 52 57
204222 47
204494 50 54
204767 69 47
205040 69 50 54
205313 67 43
205585 66 47 55
205722 64
205858 43
206131 62 47 55
206403 62
206676 42 45
206949 62
207222 42 45
207494 47
208040 47
208585 74 45
208702 47
208820 50
208937 47
209288 79
209523 78 45
209640 76 47
209757 45
209874 50
209992 74
210226 74
210343 50
210812 50
210929 52
211046 50
211163 52
211281 50
211398 54
211632 50
211867 47
212101 74
212335 47
212804 79 45
212921 47
213038 78 50
213156 76 47
213507 74
213742 74 45
213859 47
213976 45
214093 50
214562 50
215031 50
215148 52
215265 50
215382 52
215499 50
215617 74 54
215851 50
216085 47
216320 79
216554 78 47
216671 76
217023 74 45
217140 47
217257 74 50
217374 47
217960 45
218077 47
218195 45
218312 50
218781 50
219249 50
219367 62 52
219484 50
219601 69 52
219718 50
219835 69 54
220070 67 50
220304 66 47
220773 64 47
220890 62
221242 45
221359 47
221476 50
221593 47
221827 62
222062 69
222179 45
222296 69 47
222413 45
222531 67 50
222765 66
222999 50
223234 64
223351 62
223468 50
223585 52
223702 50
223820 52
223937 50
224054 54
224288 50
224523 71 47
224992 71 47
225460 69 45
225577 71 47
225695 74 50
225812 71 47
226398 69 45
226515 71 47
226632 69 45
226749 74 50
227218 74 50
227687 74 50
227804 76 52
227921 74 50
228038 76 52
228156 74 50
228273 78 54
228507 74 50
228742 71 47
229210 71 47
229679 69 45
229796 71 47
229913 74 50
230031 71 47
230617 69 45
230734 71 47
230851 69 45
230968 74 50
231437 74 50
231906 74 50
232023 76 52
232140 74 50
232257 76 52
232374 74 50
232492 78 54
232726 74 50
232960 71 47
233429 71 47
233898 69 45
234015 71 47
234132 74 50
234249 71 47
234835 69 45
234952 71 47
235070 69 45
235187 74 50
235656 74 50
236124 74 50
236242 76 52
236359 74 50
236476 76 52
236593 74 50
236710 78 54
236945 74 50
237179 71 47
237648 71 47
238117 69 45
238234 71 47
238351 74 50
238468 71 47
239054 69 45
239171 71 47
239288 69 45
239406 74 50
239874 74 50
240343 74 50
240460 76 52
240578 74 50
240695 76 52
240812 74 50
240929 78 54
241163 74 50
241398 71 47
241867 71 47
242335 69 45
242453 71 47
242570 74 50
242687 71 47
243273 69 45
243390 71 47
243507 69 45
243624 74 50
244093 74 50
244562 74 50
244679 76 52
244796 74 50
244913 76 52
245031 74 50
245148 78 54
245382 74 50
245617 71 47
