0 59 47
243 71 66
609 59
731 71 66
853 59
975 55 43
1219 67 62
1585 55
1707 67 62 42
1829 55
1951 62 45
2195 69 74
2317 50
2560 62
2682 74 69
2804 62
2926 57 54
3048 52
3170 66 69 50
3292 52
3414 57 50
3536 49
3658 64 69 50
3780 49
3902 59 47
4146 71 66
4512 59
4634 71 66
4756 59
4878 55 43
5121 67 62
5487 55
5609 67 62 42
5731 55
5853 62 45
6097 69 74
6219 50
6463 62
6585 74 69
6707 62
6829 57 54
6951 52
7073 66 69 50
7195 52
7317 57 50
7439 49
7560 64 69 50
7682 49
7804 59 47
8048 71 66
8414 59
8536 71 66
8658 59
8780 55 43
9024 67 62
9390 55
9512 67 62 42
9634 55
9756 62 45
10000 69 74
10121 50
10365 62
10487 74 69
10609 62
10731 57 54
10853 52
10975 66 69 50
11097 52
11219 57 50
11341 49
11463 64 69 50
11585 49
11707 59 47
11951 71 66
12317 59
12439 71 66
12560 59
12682 55 43
12926 67 62
13292 55
13414 67 62 42
13536 55
13658 62 45
13902 69 74
14024 50
14268 62
14390 74 69
14512 62
14634 57 54
14756 52
14878 66 69 50
15000 52
15121 57 50
15243 49
15365 64 69 50
15487 49
15609 59 47
15853 71 66
16219 59
16341 71 66
16463 59
16585 55 43
16829 67 62
17195 55
17317 67 62 42
17439 55
17560 62 45
17804 69 74
17926 50
18170 62
18292 74 69
18414 62
18536 57 54
18658 52
18780 66 69 50
18902 52
19024 57 50
19146 49
19268 64 69 50
19390 49
19512 59 47
19756 71 66
20121 59
20243 71 66
20365 59
20487 55 43
20731 67 62
21097 55
21219 67 62 42
21341 55
21463 62 45
21707 69 74
21829 50
22073 62
22195 74 69
22317 62
22439 57 54
22560 52
22682 66 69 50
22804 52
22926 57 50
23048 49
23170 64 69 50
23292 49
23414 59 47
23658 71 66
24024 59
24146 71 66
24268 59
24390 55 43 79
24634 67 62
25000 55
25121 67 62 42
25243 55
25365 62 45 78 74 71
25609 69 74
25731 50
25975 62
26097 74 69
26219 62
26341 57 54
26463 52
26585 66 69 50
26707 52
26829 57 50
26951 49
27073 69 64 50
27195 49
27317 59 47
27560 71 66
27926 59
28048 71 66
28170 59
28292 55 43 79
28536 67 62
28902 55
29024 67 62 42
29146 55
29268 62 45 78 74 71
29512 69 74
29634 50
29878 62
30000 74 69
30121 62
30243 57 54
30365 52
30487 66 69 50
30609 52
30731 57 50
30853 49
30975 69 64 50
31097 49
31219 59 47
31463 71 66
31829 59
31951 71 66
32073 59
32195 55 43 79
32439 67 62
32804 55
32926 67 62 42
33048 55
33170 62 45 78 74 71
33414 69 74
33536 50
33780 62
33902 74 69
34024 62
34146 57 54
34268 52
34390 66 69 50
34512 52
34634 57 50
34756 49
34878 69 64 50
35000 49
35121 59 47
35365 71 66
35731 59
35853 71 66
35975 59
36097 55 43 79
36341 67 62
36707 55
36829 67 62 42
36951 55
37073 62 45 78 74 71
37317 69 74
37439 50
37682 62
37804 74 69
37926 62
39024 59 47
39268 71 66
39634 59
39756 71 66
39878 59
40000 55 43 79
40243 67 62
40609 55
40731 67 62 42
40853 55
40975 62 45
41219 69 74
41341 50
41585 62
41707 74 69
41829 62
41951 57 54
42073 52
42195 69 66 50
42317 52
42439 57 50 78 74 71
42560 49
42682 69 64 50
42804 49
42926 59 47
43170 71 66
43536 59
43658 71 66
43780 59
43902 55 43 79
44146 67 62
44512 55
44634 67 62 42
44756 55
44878 62 45
45121 69 74
45243 50
45487 62
45609 74 69
45731 62
45853 57 54
45975 52
46097 69 66 50
46219 52
46341 57 50 78 74 71
46463 49
46585 69 64 50
46707 49
46829 59 47
47073 71 66
47439 59
47560 71 66
47682 59
47804 55 43 79
48048 67 62
48414 55
48536 67 62 42
48658 55
48780 62 45
49024 69 74
49146 50
49390 62
49512 74 69
49634 62
49756 57 54
49878 52
50000 69 66 50
50121 52
50243 57 50 78 74 71
50365 49
50487 69 64 50
50609 49
50731 59 47
50975 71 66
51341 59
51463 71 66
51585 59
51707 55 43 79
51951 67 62
52317 55
52439 67 62 42
52560 55
52682 62 45
52926 69 74
53048 50
53292 62
53414 74 69
53536 62
53658 57 54
53780 52
53902 69 66 50
54024 52
54146 57 50 78 74 71
54268 49
54390 69 64 50
54512 49
54634 59 47
54878 71 66
55243 59
55365 71 66
55487 59
55609 55 43 79
55853 67 62
56219 55
56341 67 62 42
56463 55
56585 62 45
56829 69 74
56951 50
57195 62
57317 74 69
57439 62
57560 57 54
57682 52
57804 69 66 50
57926 52
58048 57 50 78 74 71
58170 49
58292 69 64 50
58414 49
58536 59 47
58780 71 66
59146 59
59268 71 66
59390 59
59512 55 43 79
59756 67 62
60121 55
60243 67 62 42
60365 55
60487 62 45
60731 69 74
60853 50
61097 62
61219 74 69
61341 62
61463 57 54
61585 52
61707 69 66 50
61829 52
61951 57 50 78 74 71
62073 49
62195 69 64 50
62317 49
62439 59 47
62682 71 66
63048 59
63170 71 66
63292 59
63414 55 43 79
63658 67 62
64024 55
64146 67 62 42
64268 55
64390 62 45 78 74 71
64634 69 74
64756 50
65000 62
65121 74 69
65243 62
65365 57 54
65487 52
65609 66 69 50
65731 52
65853 57 50
65975 49
66097 69 64 50
66219 49
66341 59 47
66585 71 66
66951 59
67073 71 66
67195 59
67317 55 43
67560 67 62
67926 55
68048 67 62 42
68170 55
68292 62 45
68536 69 74
68658 50
68902 62
69024 74 69
69146 62
69268 57
69512 69 66
69756 57
70000 69 64
70243 71 66 59
71463 67
71951 67
72439 62
72926 62
73414 69
73902 69
74390 71 66
74878 71 66
75365 67 62
75853 67 62
76341 62 57
76829 62 57
77317 69 64
77804 69 64
78292 71 66
78780 71 66
79268 67 62
79756 67 62
80243 62 57
80731 62 57
81219 69 64
81707 69 64
82195 71 66
82682 71 66
83170 67 62
83658 67 62
85853 47
86097 66 71 59 54
86341 47
86585 66 71 59 54
86829 43
87073 62 67 55 50
87317 43
87560 67 62 55 50
88048 57 62 50 45
88536 57 62 50 45
88780 45
89024 64 69 57 54
89268 45
89512 69 64 57 52
89756 47
90000 66 71 59 54
90243 47
90487 66 71 59 54
90731 43
90975 62 67 55 50
91219 43
91463 67 62 55 50
91951 57 62 50 45
92439 57 62 50 45
92682 45
92926 64 69 57 54
93170 45
93414 69 64 57 52
93658 47
93902 66 71 59 54
94146 47
94390 66 71 59 54
94634 43
94878 62 67 55 50
95121 43
95365 67 62 55 50
95853 57 62 50 45
96341 57 62 50 45
96585 45
96829 64 69 57 54
97073 45
97317 69 64 57 52
97804 71 66
98292 71 66
98780 67 62
99268 67 62
101463 47
101707 66 71 59 54
101951 47
102195 66 71 59 54
102439 43
102682 62 67 55 50
102926 43
103170 62 67 55 50
103658 57 62 50 45
104146 57 62 50 45
104390 45
104634 64 69 57 54
104878 45
105121 64 69 57 52
105365 47
105609 66 71 59 54
105853 47
106097 66 71 59 54
106341 43
106585 62 67 55 50
106829 43
107073 62 67 55 50
107561 57 62 50 45
108048 57 62 50 45
108292 45
108536 64 69 57 54
108780 45
109024 64 69 57 52
109268 47
109512 66 71 59 54
109756 47
110000 66 71 59 54
110243 43
110487 62 67 55 50
110731 43
110975 67 62 55 50
111463 57 62 50 45
111951 57 62 50 45
112195 45
112439 64 69 57 54
112682 45
112926 69 64 57 52
113170 47
113414 66 71 59 54
113658 47
113902 66 71 59 54
114146 43
114390 62 67 55 50
114634 43
114878 67 62 55 50
115365 57 62 50 45
115853 57 62 50 45
116097 45
116341 64 69 57 54
116585 45
116829 69 64 57 52
117073 74 71
118292 69
118780 69
119024 45
119268 69 74
119390 50
119634 62
119756 74 69
119878 62
120000 57 54
120121 52
120243 66 69 50
120365 52
120487 57 50
120609 49
120731 64 69 50
120853 49
120975 59 47
121219 71 66
121585 59
121707 71 66
121829 59
121951 55 43 79
122195 67 62
122561 55
122682 67 62 42
122804 55
122926 62 45 78 74 71
123170 69 74
123292 50
123536 62
123658 74 69
123780 62
123902 57 54
124024 52
124146 66 69 50
124268 52
124390 57 50
124512 49
124634 69 64 50
124756 49
124878 59 47
125121 71 66
125487 59
125609 71 66
125731 59
125853 55 43 79
126097 67 62
126463 55
126585 67 62 42
126707 55
126829 62 45 78 74 71
127073 69 74
127195 50
127439 62
127561 74 69
127682 62
127804 57 54
127926 52
128048 66 69 50
128170 52
128292 57 50
128414 49
128536 69 64 50
128658 49
128780 59 47
129024 71 66
129390 59
129512 71 66
129634 59
129756 55 43 79
130000 67 62
130365 55
130487 67 62 42
130609 55
130731 62 45 78 74 71
130975 69 74
131097 50
131341 62
131463 74 69
131585 62
131707 57 54
131829 52
131951 66 69 50
132073 52
132195 57 50
132317 49
132439 69 64 50
132561 49
132682 59 47
132926 71 66
133292 59
133414 71 66
133536 59
133658 55 43 79
133902 67 62
134268 55
134390 67 62 42
134512 55
134634 62 45 78 74 71
134878 69 74
135000 50
135243 62
135365 74 69
135487 62
135609 57 54
135731 52
135853 66 69 50
135975 52
136097 57 50
136219 49
136341 69 64 50
136463 49
136585 59 47
136829 71 66
137195 59
137317 71 66
137439 59
137561 55 43 79
137804 67 62
138170 55
138292 67 62 42
138414 55
138536 62 45 78 74 71
138780 69 74
138902 50
139146 62
139268 74 69
139390 62
139512 57 54
139634 52
139756 66 69 50
139878 52
140000 57 50
140121 49
140243 69 64 50
140365 49
140487 59 47
140731 71 66
141097 59
141219 71 66
141341 59
141463 55 43 79
141707 67 62
142073 55
142195 67 62 42
142317 55
142439 62 45 78 74 71
142682 69 74
142804 50
143048 62
143170 74 69
143292 62
143414 57 54
143536 52
143658 66 69 50
143780 52
143902 57 50
144024 49
144146 69 64 50
144268 49
144390 59 47
144634 71 66
145000 59
145121 71 66
145243 59
145365 55 43 79
145609 67 62
145975 55
146097 67 62 42
146219 55
146341 62 45 78 74 71
146585 69 74
146707 50
146951 62
147073 74 69
147195 62
148292 59 47
148536 71 66
148902 59
149024 71 66
149146 59
149268 55 43 79
149512 67 62
149878 55
150000 67 62 42
150121 55
150243 62 45
150487 69 74
150609 50
150853 62
150975 74 69
151097 62
151219 57 54
151341 52
151463 69 66 50
151585 52
151707 57 50 78 74 71
151829 49
151951 69 64 50
152073 49
152195 59 47
152439 71 66
152804 59
152926 71 66
153048 59
153170 55 43 79
153414 67 62
153780 55
153902 67 62 42
154024 55
154146 62 45
154390 69 74
154512 50
154756 62
154878 74 69
155000 62
155121 57 54
155243 52
155365 69 66 50
155487 52
155609 57 50 78 74 71
155731 49
155853 69 64 50
155975 49
156097 59 47
156341 71 66
156707 59
156829 71 66
156951 59
157073 55 43 79
157317 67 62
157682 55
157804 67 62 42
157926 55
158048 62 45
158292 69 74
158414 50
158658 62
158780 74 69
158902 62
159024 57 54
159146 52
159268 69 66 50
159390 52
159512 57 50 78 74 71
159634 49
159756 69 64 50
159878 49
160000 59 47
160243 71 66
160609 59
160731 71 66
160853 59
160975 55 43 79
161219 67 62
161585 55
161707 67 62 42
161829 55
161951 62 45
162195 69 74
162317 50
162561 62
162682 74 69
162804 62
162926 57 54
163048 52
163170 69 66 50
163292 52
163414 57 50 78 74 71
163536 49
163658 69 64 50
163780 49
163902 59 47
164146 71 66
164512 59
164634 71 66
164756 59
164878 55 43 79
165121 67 62
165487 55
165609 67 62 42
165731 55
165853 62 45
166097 69 74
166219 50
166463 62
166585 74 69
166707 62
166829 57 54
166951 52
167073 69 66 50
167195 52
167317 57 50 78 74 71
167439 49
167561 69 64 50
167682 49
167804 59 47
168048 71 66
168414 59
168536 71 66
168658 59
168780 55 43 79
169024 67 62
169390 55
169512 67 62 42
169634 55
169756 62 45
170000 69 74
170121 50
170365 62
170487 74 69
170609 62
170731 57 54
170853 52
170975 69 66 50
171097 52
171219 57 50 78 74 71
171341 49
171463 69 64 50
171585 49
171707 59 47
171951 71 66
172317 59
172439 71 66
172561 59
172682 55 43 79
172926 67 62
173292 55
173414 67 62 42
173536 55
173658 62 45 78 74 71
173902 69 74
174024 50
174268 62
174390 74 69
174512 62
174634 57 54
174756 52
174878 66 69 50
175000 52
175121 57 50
175243 49
175365 69 64 50
175487 49
175609 59 47
175853 71 66
176219 59
176341 71 66
176463 59
176585 55 43
176829 67 62
177195 55
177317 67 62 42
177439 55
177561 62
177804 74 69
178292 74 69
178780 69 66
179268 69 64
179512 59
179756 71 66
180121 59
180243 71 66
180365 59
180487 55
180731 67 62
181097 55
181219 67 62
181341 55
181463 59
181707 71 66
182073 59
182195 71 66
182317 59
182439 55
182682 67 62
183048 55
183170 67 62
183292 55
183414 59
183658 71 66
184024 59
184146 71 66
184268 59
184390 55
184634 67 62
185000 55
185121 67 62
185243 55
185365 59
185609 71 66
185975 59
186097 71 66
186219 59
186341 55
186585 67 62
186951 55
187073 67 62
187195 55
187317 59
187561 71 66
187926 59
188048 71 66
188170 59
188292 55
188536 67 62
188902 55
189024 67 62
189146 55
189268 59
189512 71 66
189878 59
190000 71 66
190121 59
190243 55
190487 67 62
190853 55
190975 67 62
191097 55
193170 47
193414 66 71 59 54
193658 47
193902 66 71 59 54
194146 43
194390 62 67 55 50
194634 43
194878 62 67 55 50
195365 57 62 50 45
195853 57 62 50 45
196097 45
196341 64 69 57 54
196585 45
196829 64 69 57 52
197073 47
197317 66 71 59 54
197561 47
197804 66 71 59 54
198048 43
198292 62 67 55 50
198536 43
198780 62 67 55 50
199268 57 62 50 45
199756 57 62 50 45
200000 45
200243 64 69 57 54
200487 45
200731 64 69 57 52
200975 47
201219 66 71 59 54
201463 47
201707 66 71 59 54
201951 43
202195 62 67 55 50
202439 43
202682 62 67 55 50
203170 57 62 50 45
203658 57 62 50 45
203902 45
204146 64 69 57 54
204390 45
204634 64 69 57 52
204878 47
205122 66 71 59 54
205365 47
205609 66 71 59 54
205853 43
206097 62 67 55 50
206341 43
206585 62 67 55 50
207073 57 62 50 45
207561 57 62 50 45
207804 45
208048 64 69 57 54
208292 45
208536 64 69 57 52
208780 71 74 78 54 50 47 78 74 71
