0 74 50
333 69 50
666 74 50
1111 69 50
1333 74
1444 74
1555 76 50
1777 78 57
2111 79 57
2444 78 57
2888 76 57
3111 74
3222 74
3333 76 57
3555 74 59
3888 69 59
4222 74 59
4666 69 59
4888 74
4999 74
5111 76 59
5333 78 54
5666 79 54
5999 78 54
6444 76 54
6666 74
6777 74
6888 76 54
7111 74 55
7444 69 55
7777 74 55
8222 69 55
8444 74
8583 74
8666 76 55
8888 74 50
9222 69 50
9555 74 50
9999 69 50
10222 74
10361 74
10444 76 50
10666 74 52
10999 69 52
11333 74 52
11777 69 52
11999 74
12111 74
12222 76 52
12444 78 57
12777 79 57
13111 78 57
13555 76 57
13777 74
13888 74
13999 76 57
14222 61 50 74
14444 62 74
14555 50
14666 69 74
14888 61 74 50
14999 62
15111 76
15222 69
15333 50
15444 61
15555 62 78
15777 69 50
15999 61 57
16222 62
16333 57
16444 69
16666 61 57
16777 62
16999 69
17111 57
17222 62
17333 69
17555 71 57
17777 61 59 71
17999 62 71
18111 59
18222 69 71
18444 61 71 59
18555 62
18666 73
18777 69
18888 59
18999 61
19111 62 74
19333 69 59
19555 61 54 66
19777 62
19888 54
19999 69
20222 61 54
20333 62
20555 69
20666 71 54
20777 62
20888 69 71
21111 71 54
21333 61 55 74
21555 62 71
21666 55
21777 69 69
21999 61 55 74
22111 62
22333 69
22444 69 55
22555 61
22666 62 71
22888 69 69 55
23111 61 50 74
23333 62 71
23444 50
23555 69 69
23777 61 74 50
23888 62
24111 69
24222 69 50
24333 62
24444 69 71
24666 71 69 50
24888 61 52 74
25111 62 71
25222 52
25333 69 69
25555 61 74 52
25666 62
25888 69
25999 74 52
26111 61
26222 62 76
26444 69 52 78
26666 61 57
26888 62 79
26999 57
27111 69
27333 61 57 76
27444 62
27666 69
27777 57
27888 62
27999 69
28222 71 57
28444 61 50 74
28666 62 74
28777 50
28888 69 74
29111 61 74 50
29222 62
29333 76
29444 69
29555 50
29666 61
29777 62 78
29999 69 50
30222 61 57
30444 62
30555 57
30666 69
30888 61 57
30999 62
31222 69
31333 57
31444 62
31555 69
31777 71 57
31999 61 59 71
32222 62 71
32333 59
32444 69 71
32666 61 71 59
32777 62
32888 73
32999 69
33111 59
33222 61
33333 62 74
33555 69 59
33777 61 54 66
33999 62
34111 54
34222 69
34444 61 54
34555 62
34777 69
34888 71 54
34999 62
35111 69 71
35333 71 54
35555 61 55 74
35777 62 71
35888 55
35999 69 69
36222 61 55 74
36333 62
36555 69
36666 69 55
36777 61
36888 62 71
37111 69 69 55
37333 61 50 74
37555 62 71
37666 50
37777 69 69
37999 61 74 50
38111 62
38333 69
38444 69 50
38555 62
38666 69 71
38888 71 69 50
39111 61 52 74
39333 62 71
39444 52
39555 69 69
39777 61 74 52
39888 62
40111 69
40222 74 52
40333 61
40444 62 76
40666 69 52 78
40888 52
41111 79
41222 52
41555 52 76
41999 52
42444 52
42666 50
42999 50
43333 50
43777 50
44222 50
44444 57
44777 57
45111 57
45555 57
45999 57
46222 59
46555 59
46888 59
47333 59
47777 59
47999 54
48333 54
48666 54
49111 54
49555 54
49777 55
50111 55
50444 55
50888 55
51111 55
51555 50
51888 50
52222 50
52888 50
53111 50
53333 52
53666 52
53999 52
54444 52
54888 52
55111 57
55444 57
55777 57
56222 57
56666 57
56888 61 50
57111 62
57222 50
57333 69
57555 61 50
57666 62
57888 69
57999 50
58111 61
58222 62
58444 69 50
58666 61 57
58888 62
58999 57
59111 69
59333 61 57
59444 62
59666 69
59777 57
59888 62
59999 69
60222 71 57
60444 61 59
60666 62
60777 59
60888 69
61111 61 59
61222 62
61444 69
61555 59
61666 61
61777 62
61999 69 59
62222 61 54
62444 62
62555 54
62666 69
62888 61 54
62999 62
63222 69
63333 54
63444 62
63555 69
63777 71 54
63999 61 55
64222 62
64333 55
64444 69
64666 61 55
64777 62
64999 69
65111 55
65222 61
65333 62
65555 69 55
65777 61 50
65999 62
66111 50
66222 69
66444 61 50
66555 62
66777 69
66888 50
66999 62
67111 69
67333 71 50
67555 61 52
67777 62
67888 52
67999 69
68222 61 52
68333 62
68555 69
68666 52
68777 61
68888 62
69111 69 52
69333 61 57
69555 62
69666 57
69777 69
69999 61 57
70111 62
70333 69
70444 57
70555 62
70666 69
70888 71 57
71111 57
71444 57
71777 57
72222 57
72666 57
72888 74 50
73222 69 50
73555 74 50
73999 69 50
74222 74
74333 74
74444 76 50
74666 78 57
74999 79 57
75333 78 57
75777 76 57
75999 74
76111 74
76222 76 57
76444 74 59
76777 69 59
77111 74 59
77555 69 59
77777 74
77888 74
77999 76 59
78222 78 54
78555 79 54
78888 78 54
79333 76 54
79555 74
79666 74
79777 76 54
79999 74 55
80333 69 55
80666 74 55
81111 69 55
81333 74
81472 74
81555 76 55
81777 74 50
82111 69 50
82444 74 50
82888 69 50
83111 74
83249 74
83333 76 50
83555 74 52
83888 69 52
84222 74 52
84666 69 52
84888 74
84999 74
85111 76 52
85333 78 57
85666 79 57
85999 78 57
86444 76 57
86666 74
86777 74
86888 76 57
87111 61 50 74
87333 62 74
87444 50
87555 69 74
87777 61 74 50
87888 62
87999 76
88111 69
88222 50
88333 61
88444 62 78
88666 69 50
88888 61 57
89111 62
89222 57
89333 69
89555 61 57
89666 62
89888 69
89999 57
90111 62
90222 69
90444 71 57
90666 61 59 71
90888 62 71
90999 59
91111 69 71
91333 61 71 59
91444 62
91555 73
91666 69
91777 59
91888 61
91999 62 74
92222 69 59
92444 61 54 66
92666 62
92777 54
92888 69
93111 61 54
93222 62
93444 69
93555 71 54
93666 62
93777 69 71
93999 71 54
94222 61 55 74
94444 62 71
94555 55
94666 69 69
94888 61 55 74
94999 62
95222 69
95333 69 55
95444 61
95555 62 71
95777 69 69 55
95999 61 50 74
96222 62 71
96333 50
96444 69 69
96666 61 74 50
96777 62
96999 69
97111 69 50
97222 62
97333 69 71
97555 71 69 50
97777 61 52 74
97999 62 71
98111 52
98222 69 69
98444 61 74 52
98555 62
98777 69
98888 74 52
98999 61
99111 62 76
99333 69 52 78
99555 61 57
99777 62 79
99888 57
99999 69
100222 61 57 76
100333 62
100555 69
100666 57
100777 62
100888 69
101111 71 57
101333 50
101666 50
101999 50
102444 50
102888 50
103111 57
103444 57
103777 57
104222 57
104666 57
104888 59
105222 59
105555 59
105999 59
106444 59
106666 54
106999 54
107333 54
107777 54
108222 54
108444 55
108777 55
109111 55
109555 55
109999 55
110222 50
110555 50
110888 50
111333 50
111777 50
111999 52
112333 52
112666 52
113110 52
113555 52
113777 57
114110 57
114444 57
114888 57
115333 57
115555 61 50
115777 62
115888 50
115999 69
116222 61 50
116333 62
116555 69
116666 50
116777 61
116888 62
117110 69 50
117333 61 57
117555 62
117666 57
117777 69
117999 61 57
118110 62
118333 69
118444 57
118555 62
118666 69
118888 71 57
119110 61 59
119333 62
119444 59
119555 69
119777 61 59
119888 62
120110 69
120222 59
120333 61
120444 62
120666 69 59
120888 61 54
121110 62
121222 54
121333 69
121555 61 54
121666 62
121888 69
121999 54
122110 62
122222 69
122444 71 54
122666 61 55
122888 62
122999 55
123110 69
123333 61 55
123444 62
123666 69
123777 55
123888 61
123999 62
124222 69 55
124444 61 50
124666 62
124777 50
124888 69
125110 61 50
125222 62
125444 69
125555 50
125666 62
125777 69
125999 71 50
126222 61 52
126444 62
126555 52
126666 69
126888 61 52
126999 62
127222 69
127333 52
127444 61
127555 62
127777 69 52
127999 61 57
128222 62
128333 57
128444 69
128666 61 57
128777 62
128999 69
129110 57
129222 62
129333 69
129555 71 57
129777 57
130110 57
130444 57
130888 57
131333 57
131555 74 50
131888 69 50
132222 74 50
132666 69 50
132888 74
132999 74
133110 76 50
133333 78 57
133666 79 57
133999 78 57
134444 76 57
134666 74
134777 74
134888 76 57
135110 74 59
135444 69 59
135777 74 59
136222 69 59
136444 74
136555 74
136666 76 59
136888 78 54
137222 79 54
137555 78 54
137999 76 54
138222 74
138333 74
138444 76 54
138666 74 55
138999 69 55
139333 74 55
139777 69 55
139999 74
140138 74
140222 76 55
140444 74 50
140777 69 50
141110 74 50
141555 69 50
141777 74
141916 74
141999 76 50
142222 74 52
142555 69 52
142888 74 52
143333 69 52
143555 74
143666 74
143777 76 52
143999 78 57
144333 79 57
144666 78 57
145110 76 57
145333 74
145444 74
145555 76 57
145777 61 50 74
145999 62 74
146110 50
146222 69 74
146444 61 74 50
146555 62
146666 76
146777 69
146888 50
146999 61
147110 62 78
147333 69 50
147555 61 57
147777 62
147888 57
147999 69
148222 61 57
148333 62
148555 69
148666 57
148777 62
148888 69
149110 71 57
149333 61 59 71
149555 62 71
149666 59
149777 69 71
149999 61 71 59
150110 62
150222 73
150333 69
150444 59
150555 61
150666 62 74
150888 69 59
151110 61 54 66
151333 62
151444 54
151555 69
151777 61 54
151888 62
152110 69
152222 71 54
152333 62
152444 69 71
152666 71 54
152888 61 55 74
153110 62 71
153222 55
153333 69 69
153555 61 55 74
153666 62
153888 69
153999 69 55
154110 61
154222 62 71
154444 69 69 55
154666 61 50 74
154888 62 71
154999 50
155110 69 69
155333 61 74 50
155444 62
155666 69
155777 69 50
155888 62
155999 69 71
156222 71 69 50
156444 61 52 74
156666 62 71
156777 52
156888 69 69
157110 61 74 52
157222 62
157444 69
157555 74 52
157666 61
157777 62 76
157999 69 52 78
158222 61 57
158444 62 79
158555 57
158666 69
158888 61 57 76
158999 62
159222 69
159333 57
159444 62
159555 69
159777 71 57
159999 50
160333 50
160666 50
161110 50
161555 50
161777 57
162110 57
162444 57
162888 57
163333 57
163555 59
163888 59
164222 59
164666 59
165110 59
165333 54
165666 54
165999 54
166444 54
166888 54
167110 55
167444 55
167777 55
168222 55
168666 55
168888 50
169222 50
169555 50
169999 50
170444 50
170666 52
170999 52
171333 52
171777 52
172222 52
172444 57
172777 57
173110 57
173555 57
173999 57
174222 74 50
174555 69 50
174888 74 50
175333 69 50
175555 74
175666 74
175777 76 50
175999 78 57
176333 79 57
176666 78 57
177110 76 57
177333 74
177444 74
177555 76 57
177777 74 59
178110 69 59
178444 74 59
178888 69 59
179110 74
179222 74
179333 76 59
179555 78 54
179888 79 54
180222 78 54
180666 76 54
180888 74
180999 74
181110 76 54
181333 74 55
181666 69 55
181999 74 55
182444 69 55
182666 74
182805 74
182888 76 55
183110 74 50
183444 69 50
183777 74 50
184222 69 50
184444 74
184583 74
184666 76 50
184888 74 52
185222 69 52
185555 74 52
185999 69 52
186222 74
186333 74
186444 76 52
186666 78 57
186999 79 57
187333 78 57
187777 76 57
187999 74
188110 74
188222 76 57
188444 61 50 74
188666 62 74
188777 50
188888 69 74
189110 61 74 50
189222 62
189333 76
189444 69
189555 50
189666 61
189777 62 78
189999 69 50
190222 61 57
190444 62
190555 57
190666 69
190888 61 57
190999 62
191222 69
191333 57
191444 62
191555 69
191777 71 57
191999 61 59 71
192222 62 71
192333 59
192444 69 71
192666 61 71 59
192777 62
192888 73
192999 69
193110 59
193222 61
193333 62 74
193555 69 59
193777 61 54 66
193999 62
194110 54
194222 69
194444 61 54
194555 62
194777 69
194888 71 54
194999 62
195110 69 71
195333 71 54
195555 61 55 74
195777 62 71
195888 55
195999 69 69
196222 61 55 74
196333 62
196555 69
196666 69 55
196777 61
196888 62 71
197110 69 69 55
197333 61 50 74
197555 62 71
197666 50
197777 69 69
197999 61 74 50
198110 62
198333 69
198444 69 50
198555 62
198666 69 71
198888 71 69 50
199110 61 52 74
199333 62 71
199444 52
199555 69 69
199777 61 74 52
199888 62
200110 69
200222 74 52
200333 61
200444 62 76
200666 69 52 78
200888 61 57
201110 62 79
201222 57
201333 69
201555 61 57 76
201666 62
201888 69
201999 57
202110 62
202222 69
202444 71 57
202666 61 57
202888 62
202999 57
203110 69
203333 61 57
203444 62
203555 76
203666 69
203777 76 57
203888 61
203999 62 76
204222 69 57 77
204444 62 58
204666 63
204777 58
204888 70
205110 62 58
205222 63
205444 70
205555 58
205666 63
205777 70
205999 72 58
206222 62 51 75
206444 63 75
206555 51
206666 70 75
206888 62 75 51
206999 63
207110 77
207222 70
207333 51
207444 62
207555 63 79
207777 70 51
207999 62 58
208222 63
208333 58
208444 70
208666 62 58
208777 63
208999 70
209110 58
209222 63
209333 70
209555 72 58
209777 62 48 72
209999 63 72
210110 48
210222 70 72
210444 62 72 48
210555 63
210666 74
210777 70
210888 48
210999 62
211110 63 75
211333 70 48
211555 62 55 67
211777 63
211888 55
211999 70
212222 62 55
212333 63
212555 70
212666 72 55
212777 63
212888 70 72
213110 72 55
213333 62 56 75
213555 63 72
213666 56
213777 70 70
213999 62 56 75
214110 63
214333 70
214444 70 56
214555 62
214666 63 72
214888 70 70 56
215110 62 51 75
215333 63 72
215444 51
215555 70 70
215777 62 75 51
215888 63
216110 70
216222 70 51
216333 63
216444 70 72
216666 72 70 51
216888 62 53 75
217110 63 72
217222 53
217333 70 70
217555 62 75 53
217666 63
217888 70
217999 75 53
218110 62
218222 63 77
218444 70 53 79
218666 62 58
218888 63
218999 58
219110 70
219333 62 58 77
219444 63
219666 70
219777 58
219888 63
219999 70
220222 72 58
220444 51
220777 51
221110 51
221555 70 51
221777 75
221888 75
221999 77 51
222222 79 58
222555 58
222888 79 58
223333 77 58
223555 75
223666 75
223777 77 58
223999 48
224333 48
224666 48
225110 70 48
225333 75
225444 75
225555 77 48
225777 79 55
226110 55
226444 79 55
226888 77 55
227110 75
227221 75
227333 77 55
227555 56
227888 56
228221 56
228666 70 56
228888 75
228999 75
229110 77 56
229333 79 51
229666 51
229999 79 51
230444 77 51
230666 75
230777 75
230888 77 51
231110 53
231444 53
231777 53
232221 70 53
232444 75
232555 75
232666 77 53
232888 79 58
233221 58
233555 79 58
233999 77 58
234221 75 51
