0 61
223 61
445 64
667 61
889 64
1112 54 66
1334 66
1445 61
1556 54
1778 66 61
2000 54 61
2223 64 66
2445 61 52
2667 64 64
2889 50 66
3112 62
3223 62
3334 50
3556 62
3778 50
4000 62
4223 50
4445 62
4667 57
4889 69
5112 57
5334 69
5556 57
5778 69
6000 57
6223 71
6445 52
6667 64
6889 52
7112 64 61
7334 52 61
7556 64 64
7778 52 61
8000 64 64
8223 54 66
8445 66
8556 61
8667 54
8889 66 61
9112 54 61
9334 64 66
9556 61 52
9778 64 64
10000 50 66
10223 62
10334 62
10445 50
10667 62
10889 50
11112 62
11334 50
11556 62
11778 57
12000 69
12223 57
12445 69
12667 57
12889 69
13112 57
13334 71
13556 52
13778 64
14000 52
14223 61 64
14445 52 61
14667 64 64
14889 61 52
15112 64 64
15334 54 66
15556 66
15667 61
15778 54
16000 61 66
16223 54 61
16445 64 66
16667 52 61
16889 64 64
17112 50 66
17334 62
17445 62
17556 50
17778 64 62
18000 61 50
18223 64 62
18445 61 50
18667 62 64
18889 57 64
19112 69
19223 57
19334 57
19556 69 64
19778 61 57
20000 69 64
20223 61 57
20445 71 64
20667 52 64
20889 64
21000 56
21112 52
21334 64 61
21556 61 52
21778 64 64
22000 52 61
22223 64 64
22445 54 66
22667 66
22778 61
22889 54
23112 66 61
23334 61 54
23556 66 64
23778 61 52
24000 64 64
24223 50 66
24445 62
24556 62
24667 50
24889 62 64
25112 61 50
25334 62 64
25556 50 61
25778 62 64
26000 57 64
26223 69
26334 57
26445 57
26667 64 69
26889 57 61
27112 64 69
27334 61 57
27556 71 64
27778 52 64
28000 64
28112 56
28223 52
28445 64
28667 52
28889 64
29112 52
29334 64
29556 54
29778 66
30000 54
30223 66
30445 54
30667 66
30889 52
31112 64
31334 54
31556 66
31778 54
32000 66 61
32223 54 61
32445 64 66
32667 61 54
32889 64 66
33112 54 66
33334 66 42
33445 61
33556 54
33778 66 42
34000 61 54
34223 66 64 42
34445 61 52
34667 64 64 40
34889 50 66
35112 62
35223 62
35334 50
35556 64 62
35778 61 50
36000 64 62
36223 61 50
36445 62 64
36667 57 64
36889 69 45
37000 57
37112 57
37334 69 64 45
37556 57 61
37778 69 64 45
38000 61 57
38223 71 64 47
38445 52 64
38667 64 40
38778 56
38889 52
39112 64 61 40
39334 61 52
39556 64 64 40
39778 61 52
40000 64 64 40
40223 54 66
40445 66 42
40556 61
40667 54
40889 66 42
41112 54 61
41334 66 64 42
41556 61 52
41778 64 64 40
42000 50 66
42223 62
42334 62
42445 50
42667 62 64
42889 50 61
43112 64 62
43334 50 61
43556 62 64
43778 57 64
44000 69 45
44112 57
44223 57
44445 69 64 45
44667 61 57
44889 64 69 45
45112 61 57
45334 71 64 47
45556 52 64
45778 64 40
45889 56
46000 52
46223 61 64 73 40
46445 52 73 61
46667 76 64 64 40
46889 52 73 61
47112 76 64 64 40
47334 54 78 66
47556 66 42
47667 73 61
47778 54
48000 66 73 42
48223 73 61 54
48334 73
48445 64 76 66 42
48667 73 52 61
48889 76 64 64 40
49112 50 78 66
49334 62
49445 62 74
49556 50
49778 64 76 62
50000 61 73 50
50223 64 76 62
50445 50 61 73
50667 62 64 76
50889 57 76 64
51112 69 45
51223 57 69
51334 57
51556 76 64 69 45
51778 57 61 73
52000 69 76 64 45
52223 61 73 57
52445 64 71 76 47
52667 52 64 76
52889 64 40
53000 68 56
53112 52
53334 64 73 61 40
53556 52 73 61
53778 76 64 64 40
54000 73 52 61
54223 64 64 76 40
54445 54 66 78
54667 66 42
54778 73 61
54889 54
55112 73 66 42
55334 73 54 61
55445 73
55556 64 76 66 42
55778 61 52 73
56000 76 64 64 40
56223 50 78 66
56445 62
56556 74 62
56667 50
56889 64 62 76 76
57112 61 50 73 73
57334 64 62 76 76
57556 73 61 50 73
57778 64 62 76 76
58000 57 64 76 76
58223 69 45
58334 69 57 69
58445 57
58667 64 76 69 76 45
58889 57 61 73 73
59112 69 76 64 76 45
59334 73 57 61 73
59556 71 76 64 76 47
59778 52 64 76 76
60000 64 40
60112 68 56 68
60223 52
60445 64 73
60667 52 73
60889 64 76
61112 52 73
61334 64 76
61556 54 78
61778 66
61889 73
62000 54
62223 66
62445 54
62667 66 76
62889 52 73
63112 64 76
63334 54 78
63556 66
63667 73
63778 54
64000 66
64223 54
64445 66 76
64667 52 73
64889 64 76
65112 54 78
65334 66
65445 73
65556 54
65778 66 76
66000 54 78
66223 66
66334 73
66445 52
66667 64 76
66889 54 78
67112 66 78
67334 54 78
67556 66 78
67778 54 78
67889 78
68000 66 78
68112 78
68223 54 78
68334 78
68445 66 78
68556 78
68667 54 78
68778 78
68889 66 78
69000 78
71778 73
72000 76
72223 54 66 78
72445 66 42
72556 61 73
72667 54
72889 66 73 42
73112 54 61 73
73223 73
73334 66 64 76 42
73556 61 52 73
73778 64 64 76 40
74000 50 66 78
74223 62
74334 62 74
74445 50
74556 74
74667 62 64 76
74889 50 61 73
75112 64 62 76
75334 50 61 73
75556 62 64 76
75778 57 64 76
76000 69 45
76112 57 69
76223 57
76445 64 69 76 45
76667 61 57 73
76889 64 69 76 45
77112 57 61 73
77334 71 64 76 47
77556 52 64 76
77778 64 40
77889 56 68
78000 52
78223 64 61 73 40
78445 52 61 73
78667 64 64 76 40
78889 61 52 73
79112 64 64 76 40
79334 54 66 78
79556 66 42
79667 61 73
79778 54
80000 66 73 42
80223 61 54 73
80334 73
80445 64 66 76 42
80667 61 52 73
80889 64 64 76 40
81112 50 66 78
81334 62
81445 62 74
81556 50
81778 62 64 76
82000 50 61 73
82223 64 62 76
82445 50 61 73
82667 62 64 76
82889 57 64 76
83112 69 45
83223 57 69
83334 57
83445 69
83556 69 64 76 45
83778 57 61 73
84000 64 69 76 45
84223 61 57 73
84445 71 64 76 47
84667 52 64 76
84889 64 40
85000 56 68
85112 52
85334 64 61 73 40
85556 61 52 73
85778 64 64 76 40
86000 61 52 73
86223 64 64 76 40
86445 54 66 78
86667 66 42
86778 61 73
86889 54
87112 66 73 42
87334 61 54 73
87445 73
87556 64 66 76 42
87778 52 61 73
88000 64 64 76 40
88223 50 66 78
88445 62
88556 62 74
88667 50
88778 74
88889 62 64 76
89112 61 50 73
89334 64 62 76
89556 50 61 73
89778 62 64 76
90000 57 64 76
90223 69 45
90334 57 69
90445 57
90667 64 69 76 45
90889 57 61 73
91112 69 64 76 45
91334 61 57 73
91556 71 64 76 47
91778 52 64 76
92000 64 40
92112 56 68
92223 52
92445 64 73 61 73 40
92667 73 52 61 73
92889 64 64 76 76 40
93112 61 73 52 73
93334 76 64 64 76 40
93556 54 78 66 78
93778 66 42
93889 61 73 73
94000 54
94223 66 73 73 42
94445 73 54 61 73
94556 73 73
94667 64 76 66 76 42
94889 73 52 61 73
95112 64 76 64 76 40
95334 78 50 66 78
95556 62
95667 74 62 74
95778 50
95889 74 74
96000 76 62 64 76
96223 73 50 61 73
96445 62 64 76 76
96667 61 73 50 73
96889 64 76 62 76
97112 57 76 64 76
97334 69 45
97445 69 57 69
97556 57
97778 69 76 64 76 45
98000 61 73 57 73
98223 76 69 64 76 45
98445 57 73 61 73
98667 64 71 76 76 47
98889 52 76 64 76
99112 64 40
99223 68 56 68
99334 52
99556 64 40
99778 52
100000 64 40
100223 52
100445 64 40
100667 54
100889 66 42
101389 61
101556 61
101834 64
102000 61
102278 64
102445 54 66
102723 61 66
102889 54
103167 61 66
103334 54 61
103612 66 64
103778 52 61
104056 64 64
104223 50 66
104500 62 62
104667 50
104945 62
105112 50
105389 62
105556 50
105834 62
106000 57
106278 69
106445 57
106723 69
106889 57
107167 69
107334 57
107612 71
107778 52
108056 64
108223 52
108500 64 61
108667 61 52
108945 64 64
109112 61 52
109389 64 64
109556 66 54
109834 66 61
110000 54
110278 66 61
110445 54 61
110723 66 64
110889 61 52
111167 64 64
111334 50 66
111611 62 62
111778 50
112056 62
112223 50
112500 62
112667 50
112945 62
113111 57
113389 69
113556 57
113834 69
114000 57
114278 69
114445 57
114723 71
114889 52
115167 64
115334 52
115611 61 64
115778 61 52
116056 64 64
116223 52 61
116500 64 64
116667 54 66
116945 61 66
117111 54
117389 66 61
117556 54 61
117834 66 64
118000 52 61
118278 64 64
118445 66 50
118723 62 62
118889 50
119167 62 64
119334 50 61
119611 62 64
119778 61 50
120056 64 62
120223 57 64
120500 57 69
120667 57
120945 64 69
121111 57 61
121389 64 69
121556 61 57
121834 64 71
122000 64 52
122278 56 64
122445 52
122723 61 64
122889 52 61
123167 64 64
123334 52 61
123611 64 64
123778 66 54
124056 66 61
124223 54
124500 61 66
124667 61 54
124945 64 66
125111 52 61
125389 64 64
125556 66 50
125834 62 62
126000 50
126278 64 62
126445 50 61
126723 64 62
126889 50 61
127167 64 62
127334 57 64
127611 69 57
127778 57
128056 69 64
128223 61 57
128500 69 64
128667 57 61
128945 64 71
129111 52 64
129389 64 56
129556 52
129834 64
130000 52
130278 64
130445 52
130723 64
130889 54
131167 66
131334 54
131611 66
131778 54
132056 66
132223 52
132500 64
132667 54
132945 66
133111 54
133389 66 61
133556 54 61
133834 66 64
134000 61 52
134278 64 64
134445 54 66
134723 66 61 42
134889 54
135167 61 66 42
135334 54 61
135611 66 64 42
135778 61 52
136056 64 64 40
136223 50 66
136500 62 62
136667 50
136945 62 64
137111 50 61
137389 62 64
137556 50 61
137834 62 64
138000 57 64
138278 57 69 45
138445 57
138723 69 64 45
138889 57 61
139167 69 64 45
139334 61 57
139611 64 71 47
139778 52 64
140056 64 56 40
140223 52
140500 64 61 40
140667 61 52
140945 64 64 40
141111 52 61
141389 64 64 40
141556 54 66
141834 61 66 42
142000 54
142278 61 66 42
142445 61 54
142723 64 66 42
142889 52 61
143167 64 64 40
143334 50 66
143611 62 62
143778 50
144056 64 76 62
144223 61 50 73
144500 62 76 64
144667 73 50 61
144945 64 76 62
145111 76 64 57
145389 69 57 69 45
145556 57
145834 76 69 64 45
146000 57 61 73
146278 76 69 64 45
146445 61 73 57
146723 71 64 76 47
146889 64 52 76
147167 64 68 56 40
147334 52
147611 73 64 61 40
147778 73 61 52
148056 76 64 64 40
148223 73 52 61
148500 76 64 64 40
148667 54 78 66
148945 61 73 66 42
149111 54
149389 61 73 66 42
149556 73 54 61
149834 66 76 64 42
150000 61 73 52
150278 64 76 64 40
150445 50 78 66
150723 74 62 62
150889 50
151167 62 64 76
151334 50 73 61
151611 62 64 76
151778 61 73 50
152056 62 64 76
152223 57 76 64
152500 57 69 69 45
152667 57
152945 76 64 69 45
153111 57 61 73
153389 64 76 69 45
153556 61 73 57
153834 64 71 76 47
154000 52 64 76
154278 56 68 64 40
154445 52
154723 73 64 61 40
154889 52 73 61
155167 76 64 64 40
155334 73 52 61
155611 64 76 64 40
155778 54 78 66
156056 61 66 73 42
156223 54
156500 61 73 66 42
156667 54 61 73
156945 66 64 76 42
157111 52 61 73
157389 76 64 64 40
157556 78 66 50
157834 62 74 62
158000 50
158278 62 64 76
158445 73 50 61
158723 64 62 76
158889 61 73 50
159167 64 62 76
159334 76 57 64
159611 69 69 57 45
159778 57
160056 64 69 76 45
160223 73 61 57
160500 69 64 76 45
160667 57 73 61
160945 71 76 64 47
161111 76 64 52
161389 68 64 56 40
161556 52
161834 64 73
162000 52 73
162278 64 76
162445 52 73
162723 64 76
162889 54 78
163167 66 73
163334 54
163611 66
163778 54
164056 66 76
164223 52 73
164500 66 76
164667 54 78
164945 66 73
165111 54
165389 66
165556 54
165834 66 76
166000 52 73
166278 66 76
166445 54 78
166723 66 73
166889 54
167167 66 76
167334 54 78
167611 66 73
167778 52
168056 66 76
168223 54 78
168500 66 78
168667 54 78
168889 78
168945 66
169111 54 78
169223 78
169334 78
169389 66
169445 78
169556 54 78
169667 78
169778 78
169834 66
169889 78
170000 54 78
170111 78
170223 78
170278 66
170334 78
172223 52
172500 64
172667 52
172945 64
173111 52
173389 64 76
173556 54 78
173834 66 42 73
174000 54 73
174278 66 42 73
174445 54 73
174593 73
174723 66 42 76
174889 52 73
175167 64 40 76
175334 50 78
175611 62 74
175778 50 74
176056 62 76
176223 50 73
176371 73
176500 62 76
176667 50 73
176945 62 76
177111 57 76
177389 69 45 69
177556 57 69
177834 69 45 76
178000 57 73
178148 73
178278 69 45 76
178445 57 73
178723 71 47 76
178889 52 76
179167 64 40 68
179334 52 68
179611 64 40 73
179778 52 73
180056 64 40
180223 52
180500 64 40 76
180667 66 54 78
180815 66
180945 66 42 66 73
181111 66 54 73
181260 66
181389 66 42 66 73
181556 54 66 73
181704 66 73
181834 66 42 66 76
182000 68 52 73
182148 68
182278 64 40 68 76
182445 69 50 78
182593 69
182723 62 69 74
182889 50 69 74
183037 69
183167 62 69 76
183334 50 69 73
183482 69 73
183611 62 69 76
183778 50 71 73
183926 71
184056 62 71 76
184223 69 57 76
184371 69
184500 69 45 69 69
184667 69 57 69
184815 69
184945 69 45 69 76
185111 69 57 73
185260 69 73
185389 69 45 69 76
185556 57 76 73
185704 76
185834 71 47 76 76
186000 71 52 76
186148 71
186278 64 40 71 68
186445 52 71 68
186593 71
186723 64 40 71 73
186889 52 71 73
187037 71
187167 64 40 71 76
187334 52 68 73
187482 68
187611 64 40 68 76
187778 66 54 78
187926 66
188056 66 42 66 73
188223 66 54 73
188371 66
188500 66 42 66 73
188667 54 66 73
188815 66 73
188945 66 42 66 76
189111 68 52 73
189260 68
189389 64 40 68 76
189556 50 69 78
189704 69
189834 62 69 74
190000 50 69 74
190148 69
190278 62 69 76
190445 50 69 73
190593 69 73
190723 62 69 76
190889 50 71 73
191037 71
191167 62 71 76
191334 57 69 76
191482 69
191611 69 45 69 69
191778 57 69 69
191926 69
192056 69 45 69 76
192223 57 69 73
192371 69 73
192500 69 45 69 76
192667 76 57 73
192815 76
192945 71 47 76 76
193111 71 52 76
193260 71
193389 64 40 71 68
193556 71 52 68
193704 71
193834 64 40 71 73
194000 52 71 73
194148 71
194278 64 40 71
194445 52 68
194593 68
194723 64 40 68
194755 76
194889 54 66 78
195037 66
195167 66 42 66
195199 73
195334 54 66 73
195482 66
195611 66 42 66
195644 73
195778 66 54 73
195926 66 73
196056 66 42 66
196088 76
196223 52 68 73
196371 68
196500 64 40 68
196533 76
196667 69 50 78
196815 69
196945 62 69
196977 74
197111 69 50 74
197260 69
197389 62 69
197422 76
197556 69 50 73
197704 69 73
197834 62 69
197866 76
198000 71 50 73
198148 71
198278 62 71
198310 76
198445 69 57 76
198593 69
198723 69 45 69
198755 69
198889 57 69 69
199037 69
199167 69 45 69
199199 76
199334 57 69 73
199482 69 73
199611 69 45 69
199644 76
199778 57 76 73
199926 76
200056 71 47 76
200088 76
200223 71 52 76
200371 71
200500 64 40 71
200533 68
200667 71 52 68
200815 71
200945 64 40 71
200977 73
201111 52 71 73
201260 71
201389 64 40 71
201422 76
201556 52 68 73
201704 68
201834 64 40 68
201866 76
202000 54 66 78
202148 66
202278 66 42 66
202310 73
202445 54 66 73
202593 66
202723 66 42 66
202755 73
202889 54 66 73
203037 66 73
203167 66 42 66
203204 76
203334 52 68 73
203482 68
203611 64 40 68
203648 76
203778 50 69 78
203926 69
204056 62 69
204093 74
204223 50 69 74
204371 69
204500 62 69
204537 76
204667 69 50 73
204815 69 73
204945 62 69
204982 76
205111 50 71 73
205260 71
205389 62 71
205426 76
205556 69 57 76
205704 69
205834 69 45 69
205871 69
206000 57 69 69
206148 69
206278 69 69
206315 76
206445 69 57 73
206593 69 73
206723 69 69
206760 76
206889 76 57 73
207037 76
207167 71 76
207204 76
207334 52 71 76
207482 71
207611 64 71
207648 68
207778 52 71 68
207926 71
208056 64 71
208093 73
208223 52 71 73
208371 71
208500 64 71
208537 76
208667 68 52 73
208815 68
208945 64 68
208982 76
209111 54 66 78
209260 66
209389 66 66
209426 73
209556 66 54
209704 66
209834 66 66
210000 66 54
210148 66
210278 66 66
210445 68 52
210593 68
210723 64 68
210889 50 69
211037 69
211167 62 69
211334 69 50
211482 69
211611 62 69
211778 50 69
211926 69
212056 62 69
212223 71 50
212371 71
212500 62 71
212667 69 57
212815 69
212945 69 69
213111 57 69
213260 69
213389 69 69
213556 69 57
213704 69
213834 69 69
214000 76 57
214148 76
214278 71 76
214445 71 52
214593 71
214723 64 71
214889 71 52
215037 71
215167 64 71
215334 71 52
215482 71
215611 64 71
215778 68 52
215926 68
216056 64 68
216223 54 66
216500 66
216667 54
216945 66
217111 54
217389 66
217556 52
217834 64
218000 54
