0 64
223 64
445 67
667 64
889 67
1112 57 69
1334 69
1445 64
1556 57
1778 69 64
2000 57 64
2223 67 69
2445 64 55
2667 67 67
2889 53 69
3112 65
3223 65
3334 53
3556 65
3778 53
4000 65
4223 53
4445 65
4667 60
4889 72
5112 60
5334 72
5556 60
5778 72
6000 60
6223 74
6445 55
6667 67
6889 55
7112 67 64
7334 55 64
7556 67 67
7778 55 64
8000 67 67
8223 57 69
8445 69
8556 64
8667 57
8889 69 64
9112 57 64
9334 67 69
9556 64 55
9778 67 67
10000 53 69
10223 65
10334 65
10445 53
10667 65
10889 53
11112 65
11334 53
11556 65
11778 60
12000 72
12223 60
12445 72
12667 60
12889 72
13112 60
13334 74
13556 55
13778 67
14000 55
14223 64 67
14445 55 64
14667 67 67
14889 64 55
15112 67 67
15334 57 69
15556 69
15667 64
15778 57
16000 64 69
16223 57 64
16445 67 69
16667 55 64
16889 67 67
17112 53 69
17334 65
17445 65
17556 53
17778 67 65
18000 64 53
18223 67 65
18445 64 53
18667 65 67
18889 60 67
19112 72
19223 60
19334 60
19556 72 67
19778 64 60
20000 72 67
20223 64 60
20445 74 67
20667 55 67
20889 67
21000 59
21112 55
21334 67 64
21556 64 55
21778 67 67
22000 55 64
22223 67 67
22445 57 69
22667 69
22778 64
22889 57
23112 69 64
23334 64 57
23556 69 67
23778 64 55
24000 67 67
24223 53 69
24445 65
24556 65
24667 53
24889 65 67
25112 64 53
25334 65 67
25556 53 64
25778 65 67
26000 60 67
26223 72
26334 60
26445 60
26667 67 72
26889 60 64
27112 67 72
27334 64 60
27556 74 67
27778 55 67
28000 67
28112 59
28223 55
28445 67
28667 55
28889 67
29112 55
29334 67
29556 57
29778 69
30000 57
30223 69
30445 57
30667 69
30889 55
31112 67
31334 57
31556 69
31778 57
32000 69 64
32223 57 64
32445 67 69
32667 64 57
32889 67 69
33112 57 69
33334 69 45
33445 64
33556 57
33778 69 45
34000 64 57
34223 69 67 45
34445 64 55
34667 67 67 43
34889 53 69
35112 65 41
35223 65
35334 53
35556 67 65 41
35778 64 53
36000 67 65 41
36223 64 53
36445 65 67 41
36667 60 67
36889 72 48
37000 60
37112 60
37334 72 67 48
37556 60 64
37778 72 67 48
38000 64 60
38223 74 67 50
38445 55 67
38667 67 43
38778 59
38889 55
39112 67 64 43
39334 64 55
39556 67 67 43
39778 64 55
40000 67 67 43
40223 57 69
40445 69 45
40556 64
40667 57
40889 69 45
41112 57 64
41334 69 67 45
41556 64 55
41778 67 67 43
42000 53 69
42223 65 41
42334 65
42445 53
42667 65 67 41
42889 53 64
43112 67 65 41
43334 53 64
43556 65 67 41
43778 60 67
44000 72 48
44112 60
44223 60
44445 72 67 48
44667 64 60
44889 67 72 48
45112 64 60
45334 74 67 50
45556 55 67
45778 67 43
45889 59
46000 55
46223 64 67 76 43
46445 55 76 64
46667 79 67 67 43
46889 55 76 64
47112 79 67 67 43
47334 57 69
47556 69 45
47667 76 64
47778 57
48000 69 76 45
48223 76 64 57
48334 76
48445 67 79 69 45
48667 76 55 64
48889 79 67 67 43
49112 53 69
49334 65 41
49445 65 77
49556 53
49778 67 79 65 41
50000 64 76 53
50223 67 79 65 41
50445 53 64 76
50667 65 67 79 41
50889 60 79 67
51112 72 48
51223 60 72
51334 60
51556 79 67 72 48
51778 60 64 76
52000 72 79 67 48
52223 64 76 60
52445 67 74 79 50
52667 55 67 79
52889 67 43
53000 71 59
53112 55
53334 67 76 64 43
53556 55 76 64
53778 79 67 67 43
54000 76 55 64
54223 67 67 79 43
54445 57 69
54667 69 45
54778 76 64
54889 57
55112 76 69 45
55334 76 57 64
55445 76
55556 67 79 69 45
55778 64 55 76
56000 79 67 67 43
56223 53 69
56445 65 41
56556 77 65
56667 53
56889 67 65 79 79 41
57112 64 53 76 76
57334 67 65 79 79 41
57556 76 64 53 76
57778 67 65 79 79 41
58000 60 67 79 79
58223 72 48
58334 72 60 72
58445 60
58667 67 79 72 79 48
58889 60 64 76 76
59112 72 79 67 79 48
59334 76 60 64 76
59556 74 79 67 79 50
59778 55 67 79 79
60000 67 43
60112 71 59 71
60223 55
60445 67 76
60667 55 76
60889 67 79
61112 55 76
61334 67 79
61556 57
61778 69
61889 76
62000 57
62223 69
62445 57
62667 69 79
62889 55 76
63112 67 79
63334 57
63556 69
63667 76
63778 57
64000 69
64223 57
64445 69 79
64667 55 76
64889 67 79
65112 57
65334 69
65445 76
65556 57
65778 69 79
66000 57
66223 69
66334 76
66445 55
66667 67 79
66889 57
67112 69
67334 57
67556 69
67778 57
68000 69
68223 57
68445 69
68667 57
68889 69
71778 76
72000 79
72223 57 69
72445 69 45
72556 64 76
72667 57
72889 69 76 45
73112 57 64 76
73223 76
73334 69 67 79 45
73556 64 55 76
73778 67 67 79 43
74000 53 69
74223 65 41
74334 65 77
74445 53
74556 77
74667 65 67 79 41
74889 53 64 76
75112 67 65 79 41
75334 53 64 76
75556 65 67 79 41
75778 60 67 79
76000 72 48
76112 60 72
76223 60
76445 67 72 79 48
76667 64 60 76
76889 67 72 79 48
77112 60 64 76
77334 74 67 79 50
77556 55 67 79
77778 67 43
77889 59 71
78000 55
78223 67 64 76 43
78445 55 64 76
78667 67 67 79 43
78889 64 55 76
79112 67 67 79 43
79334 57 69
79556 69 45
79667 64 76
79778 57
80000 69 76 45
80223 64 57 76
80334 76
80445 67 69 79 45
80667 64 55 76
80889 67 67 79 43
81112 53 69
81334 65 41
81445 65 77
81556 53
81778 65 67 79 41
82000 53 64 76
82223 67 65 79 41
82445 53 64 76
82667 65 67 79 41
82889 60 67 79
83112 72 48
83223 60 72
83334 60
83445 72
83556 72 67 79 48
83778 60 64 76
84000 67 72 79 48
84223 64 60 76
84445 74 67 79 50
84667 55 67 79
84889 67 43
85000 59 71
85112 55
85334 67 64 76 43
85556 64 55 76
85778 67 67 79 43
86000 64 55 76
86223 67 67 79 43
86445 57 69
86667 69 45
86778 64 76
86889 57
87112 69 76 45
87334 64 57 76
87445 76
87556 67 69 79 45
87778 55 64 76
88000 67 67 79 43
88223 53 69
88445 65 41
88556 65 77
88667 53
88778 77
88889 65 67 79 41
89112 64 53 76
89334 67 65 79 41
89556 53 64 76
89778 65 67 79 41
90000 60 67 79
90223 72 48
90334 60 72
90445 60
90667 67 72 79 48
90889 60 64 76
91112 72 67 79 48
91334 64 60 76
91556 74 67 79 50
91778 55 67 79
92000 67 43
92112 59 71
92223 55
92445 67 76 64 76 43
92667 76 55 64 76
92889 67 67 79 79 43
93112 64 76 55 76
93334 79 67 67 79 43
93556 57 69
93778 69 45
93889 64 76 76
94000 57
94223 69 76 76 45
94445 76 57 64 76
94556 76 76
94667 67 79 69 79 45
94889 76 55 64 76
95112 67 79 67 79 43
95334 53 69
95556 65 41
95667 77 65 77
95778 53
95889 77 77
96000 79 65 67 79 41
96223 76 53 64 76
96445 65 67 79 79 41
96667 64 76 53 76
96889 67 79 65 79 41
97112 60 79 67 79
97334 72 48
97445 72 60 72
97556 60
97778 72 79 67 79 48
98000 64 76 60 76
98223 79 72 67 79 48
98445 60 76 64 76
98667 67 74 79 79 50
98889 55 79 67 79
99112 67 43
99223 71 59 71
99334 55
99556 67 43
99778 55
100000 67 43
100223 55
100445 67 43
100667 57
100889 69 45
101389 64
101556 64
101834 67
102000 64
102278 67
102445 57 69
102723 64 69
102889 57
103167 64 69
103334 57 64
103612 69 67
103778 55 64
104056 67 67
104223 53 69
104500 65 65
104667 53
104945 65
105112 53
105389 65
105556 53
105834 65
106000 60
106278 72
106445 60
106723 72
106889 60
107167 72
107334 60
107612 74
107778 55
108056 67
108223 55
108500 67 64
108667 64 55
108945 67 67
109112 64 55
109389 67 67
109556 69 57
109834 69 64
110000 57
110278 69 64
110445 57 64
110723 69 67
110889 64 55
111167 67 67
111334 53 69
111611 65 65
111778 53
112056 65
112223 53
112500 65
112667 53
112945 65
113111 60
113389 72
113556 60
113834 72
114000 60
114278 72
114445 60
114723 74
114889 55
115167 67
115334 55
115611 64 67
115778 64 55
116056 67 67
116223 55 64
116500 67 67
116667 57 69
116945 64 69
117111 57
117389 69 64
117556 57 64
117834 69 67
118000 55 64
118278 67 67
118445 69 53
118723 65 65
118889 53
119167 65 67
119334 53 64
119611 65 67
119778 64 53
120056 67 65
120223 60 67
120500 60 72
120667 60
120945 67 72
121111 60 64
121389 67 72
121556 64 60
121834 67 74
122000 67 55
122278 59 67
122445 55
122723 64 67
122889 55 64
123167 67 67
123334 55 64
123611 67 67
123778 69 57
124056 69 64
124223 57
124500 64 69
124667 64 57
124945 67 69
125111 55 64
125389 67 67
125556 69 53
125834 65 65
126000 53
126278 67 65
126445 53 64
126723 67 65
126889 53 64
127167 67 65
127334 60 67
127611 72 60
127778 60
128056 72 67
128223 64 60
128500 72 67
128667 60 64
128945 67 74
129111 55 67
129389 67 59
129556 55
129834 67
130000 55
130278 67
130445 55
130723 67
130889 57
131167 69
131334 57
131611 69
131778 57
132056 69
132223 55
132500 67
132667 57
132945 69
133111 57
133389 69 64
133556 57 64
133834 69 67
134000 64 55
134278 67 67
134445 57 69
134723 69 64 45
134889 57
135167 64 69 45
135334 57 64
135611 69 67 45
135778 64 55
136056 67 67 43
136223 53 69
136500 65 65 41
136667 53
136945 65 67 41
137111 53 64
137389 65 67 41
137556 53 64
137834 65 67 41
138000 60 67
138278 60 72 48
138445 60
138723 72 67 48
138889 60 64
139167 72 67 48
139334 64 60
139611 67 74 50
139778 55 67
140056 67 59 43
140223 55
140500 67 64 43
140667 64 55
140945 67 67 43
141111 55 64
141389 67 67 43
141556 57 69
141834 64 69 45
142000 57
142278 64 69 45
142445 64 57
142723 67 69 45
142889 55 64
143167 67 67 43
143334 53 69
143611 65 65 41
143778 53
144056 67 79 65 41
144223 64 53 76
144500 65 79 67 41
144667 76 53 64
144945 67 79 65 41
145111 79 67 60
145389 72 60 72 48
145556 60
145834 79 72 67 48
146000 60 64 76
146278 79 72 67 48
146445 64 76 60
146723 74 67 79 50
146889 67 55 79
147167 67 71 59 43
147334 55
147611 76 67 64 43
147778 76 64 55
148056 79 67 67 43
148223 76 55 64
148500 79 67 67 43
148667 57 69
148945 64 76 69 45
149111 57
149389 64 76 69 45
149556 76 57 64
149834 69 79 67 45
150000 64 76 55
150278 67 79 67 43
150445 53 69
150723 77 65 65 41
150889 53
151167 65 67 79 41
151334 53 76 64
151611 65 67 79 41
151778 64 76 53
152056 65 67 79 41
152223 60 79 67
152500 60 72 72 48
152667 60
152945 79 67 72 48
153111 60 64 76
153389 67 79 72 48
153556 64 76 60
153834 67 74 79 50
154000 55 67 79
154278 59 71 67 43
154445 55
154723 76 67 64 43
154889 55 76 64
155167 79 67 67 43
155334 76 55 64
155611 67 79 67 43
155778 57 69
156056 64 69 76 45
156223 57
156500 64 76 69 45
156667 57 64 76
156945 69 67 79 45
157111 55 64 76
157389 79 67 67 43
157556 69 53
157834 65 77 65 41
158000 53
158278 65 67 79 41
158445 76 53 64
158723 67 65 79 41
158889 64 76 53
159167 67 65 79 41
159334 79 60 67
159611 72 72 60 48
159778 60
160056 67 72 79 48
160223 76 64 60
160500 72 67 79 48
160667 60 76 64
160945 74 79 67 50
161111 79 67 55
161389 71 67 59 43
161556 55
161834 67 76
162000 55 76
162278 67 79
162445 55 76
162723 67 79
162889 57
163167 69 76
163334 57
163611 69
163778 57
164056 69 79
164223 55 76
164500 69 79
164667 57
164945 69 76
165111 57
165389 69
165556 57
165834 69 79
166000 55 76
166278 69 79
166445 57
166723 69 76
166889 57
167167 69 79
167334 57
167611 69 76
167778 55
168056 69 79
168223 57
168500 69
168667 57
168945 69
169111 57
169389 69
169556 57
169834 69
170000 57
170278 69
172223 55
172500 67
172667 55
172945 67
173111 55
173389 67 79
173556 57
173834 69 45 76
174000 57 76
174278 69 45 76
174445 57 76
174593 76
174723 69 45 79
174889 55 76
175167 67 43 79
175334 53
175611 65 41 77
175778 53 77
176056 65 41 79
176223 53 76
176371 76
176500 65 41 79
176667 53 76
176945 65 41 79
177111 60 79
177389 72 48 72
177556 60 72
177834 72 48 79
178000 60 76
178148 76
178278 72 48 79
178445 60 76
178723 74 50 79
178889 55 79
179167 67 43 71
179334 55 71
179611 67 43 76
179778 55 76
180056 67 43
180223 55
180500 67 43 79
180667 69 57
180815 69
180945 69 45 69 76
181111 69 57 76
181260 69
181389 69 45 69 76
181556 57 69 76
181704 69 76
181834 69 45 69 79
182000 71 55 76
182148 71
182278 67 43 71 79
182445 72 53
182593 72
182723 65 41 72 77
182889 53 72 77
183037 72
183167 65 41 72 79
183334 53 72 76
183482 72 76
183611 65 41 72 79
183778 53 74 76
183926 74
184056 65 41 74 79
184223 72 60 79
184371 72
184500 72 48 72 72
184667 72 60 72
184815 72
184945 72 48 72 79
185111 72 60 76
185260 72 76
185389 72 48 72 79
185556 60 79 76
185704 79
185834 74 50 79 79
186000 74 55 79
186148 74
186278 67 43 74 71
186445 55 74 71
186593 74
186723 67 43 74 76
186889 55 74 76
187037 74
187167 67 43 74 79
187334 55 71 76
187482 71
187611 67 43 71 79
187778 69 57
187926 69
188056 69 45 69 76
188223 69 57 76
188371 69
188500 69 45 69 76
188667 57 69 76
188815 69 76
188945 69 45 69 79
189111 71 55 76
189260 71
189389 67 43 71 79
189556 53 72
189704 72
189834 65 41 72 77
190000 53 72 77
190148 72
190278 65 41 72 79
190445 53 72 76
190593 72 76
190723 65 41 72 79
190889 53 74 76
191037 74
191167 65 41 74 79
191334 60 72 79
191482 72
191611 72 48 72 72
191778 60 72 72
191926 72
192056 72 48 72 79
192223 60 72 76
192371 72 76
192500 72 48 72 79
192667 79 60 76
192815 79
192945 74 50 79 79
193111 74 55 79
193260 74
193389 67 43 74 71
193556 74 55 71
193704 74
193834 67 43 74 76
194000 55 74 76
194148 74
194278 67 43 74
194445 55 71
194593 71
194723 67 43 71
194755 79
194889 57 69
195037 69
195167 69 45 69
195199 76
195334 57 69 76
195482 69
195611 69 45 69
195644 76
195778 69 57 76
195926 69 76
196056 69 45 69
196088 79
196223 55 71 76
196371 71
196500 67 43 71
196533 79
196667 72 53
196815 72
196945 65 41 72
196977 77
197111 72 53 77
197260 72
197389 65 41 72
197422 79
197556 72 53 76
197704 72 76
197834 65 41 72
197866 79
198000 74 53 76
198148 74
198278 65 41 74
198310 79
198445 72 60 79
198593 72
198723 72 48 72
198755 72
198889 60 72 72
199037 72
199167 72 48 72
199199 79
199334 60 72 76
199482 72 76
199611 72 48 72
199644 79
199778 60 79 76
199926 79
200056 74 50 79
200088 79
200223 74 55 79
200371 74
200500 67 43 74
200533 71
200667 74 55 71
200815 74
200945 67 43 74
200977 76
201111 55 74 76
201260 74
201389 67 43 74
201422 79
201556 55 71 76
201704 71
201834 67 43 71
201866 79
202000 57 69
202148 69
202278 69 45 69
202310 76
202445 57 69 76
202593 69
202723 69 45 69
202755 76
202889 57 69 76
203037 69 76
203167 69 45 69
203204 79
203334 55 71 76
203482 71
203611 67 43 71
203648 79
203778 53 72
203926 72
204056 65 41 72
204093 77
204223 53 72 77
204371 72
204500 65 41 72
204537 79
204667 72 53 76
204815 72 76
204945 65 41 72
204982 79
205111 53 74 76
205260 74
205389 65 41 74
205426 79
205556 72 60 79
205704 72
205834 72 48 72
205871 72
206000 60 72 72
206148 72
206278 72 72
206315 79
206445 72 60 76
206593 72 76
206723 72 72
206760 79
206889 79 60 76
207037 79
207167 74 79
207204 79
207334 55 74 79
207482 74
207611 67 74
207648 71
207778 55 74 71
207926 74
208056 67 74
208093 76
208223 55 74 76
208371 74
208500 67 74
208537 79
208667 71 55 76
208815 71
208945 67 71
208982 79
209111 57 69
209260 69
209389 69 69
209426 76
209556 69 57
209704 69
209834 69 69
210000 69 57
210148 69
210278 69 69
210445 71 55
210593 71
210723 67 71
210889 53 72
211037 72
211167 65 72
211334 72 53
211482 72
211611 65 72
211778 53 72
211926 72
212056 65 72
212223 74 53
212371 74
212500 65 74
212667 72 60
212815 72
212945 72 72
213111 60 72
213260 72
213389 72 72
213556 72 60
213704 72
213834 72 72
214000 79 60
214148 79
214278 74 79
214445 74 55
214593 74
214723 67 74
214889 74 55
215037 74
215167 67 74
215334 74 55
215482 74
215611 67 74
215778 71 55
215926 71
216056 67 71
216223 57 69
216500 69
216667 57
216945 69
217111 57
217389 69
217556 55
217834 67
218000 57
