0 76
232 40 52
453 76
697 71
1173 76
1418 71
1522 52
1882 75
2114 47
2347 75
2591 71
3067 75
3299 71
3775 75
4019 56 44
4251 75
4485 71
4949 75
5193 71
5658 73
5924 42
6145 73
6367 71
6843 61 73
7075 71
7551 76 42
7784 40 52
8027 76
8261 71 52
8725 76
8969 71
9039 52
9445 75
9677 47
9921 75
10153 71
10619 75
10863 71
11339 75
11583 56 44
11803 75
12047 71
12513 63 75
12745 71
13221 73
13476 42
13697 73
13929 71
14407 73
14639 71
15347 75 52
15579 75
15823 78
17228 47 75
17485 75
17717 78
18484 75
18646 75
18891 75
19135 56 44
19842 73
20296 71
20785 73
21040 42
21492 54 66
22910 75 52
23142 75
23374 78
24094 75
24792 75 47
25036 75
25512 78
26210 75
26686 56 75
26755 44
27394 73
28103 71
28336 73
28579 42
28812 75
29996 66
30229 68
30473 52 71
30532 40
30949 66
31414 71
31658 68
31773 66
32123 71
32344 47
32832 71
33064 71
33296 73
33540 73
33784 71
34016 73
34249 47 71
34342 44
34714 70 63
35190 68 44 63
35666 71
35910 70
36143 42
37560 66
38036 52 71
38083 40
38501 66
38977 71
39209 68
39325 66
39685 71
39917 47
40395 71
40626 71
40859 75
41219 73
41567 71
41684 73
41811 56 71
41892 44
42276 63 70
42752 68 44
43217 71
43461 70
43704 42
45830 71
46052 71
46296 71
46528 75
47004 73
47248 71
47434 40
47480 52
47597 40
48422 52
48458 40
48654 71
48898 71
49130 78
49363 47
49595 75
50061 73
50304 47
50548 71
51013 78
51257 44
51721 75
51977 63
52198 73 44
52674 71
52907 73
53150 42
53394 71
53626 71
53859 71
54092 75
54138 42
54557 61 73
54800 71
55020 40 73
55171 40
55276 52 71
56090 40
56207 71 52
56450 71
56694 78
56926 47
57158 75
57634 73
57866 47
58100 71
58575 78
58808 47 44
59284 75
59760 73 44
60238 71
60469 73
60760 42
60934 75
61665 42
62119 71
62468 75
62584 40
62723 40
62827 75
63060 75
63432 71 40
63559 52
63675 40
63779 75
64001 75
64362 75
64466 47
64721 73
65429 47
65662 73
66127 71
66244 75
66360 56 44
66615 75
66847 75
67057 71
67208 71
67323 63 56
67439 44
67555 75
67788 75
68021 78
68149 75
68288 42
68497 73
68729 73
69217 71 42
69438 61 73
70077 40
70147 75
70217 40
70391 75
70623 78
71867 75
72041 75 47
72273 75
72749 78
73341 66
73469 75
73701 75
73935 56 44
74632 73
75119 71
75583 73
75828 42
76293 54 66
77709 75
77768 40
77942 75
78418 78
79126 75
79602 75 47
79836 75
80068 78
80544 66 78
80893 75
81496 56 75
81566 44
82194 73
82914 71
83146 73
83401 42
83622 66
84297 54
84808 54 66
85040 68
85272 71 52
85330 40
85982 68
86214 71
86458 68
86574 66
86922 71
87154 47
87630 71
87875 71
88108 73
88340 73
88572 71
88816 73
89048 56 71
89141 44
89536 63 70
89990 44 68
90466 71
90710 70
90942 42
91918 70
92360 66
92487 54
92836 52 71
92917 40
93312 71
93766 71
93800 52
94010 73
94125 75
94486 73
94718 47 71
95194 71
95438 71
95660 75
96019 73
96367 71
96495 73
96623 56 71
96680 44
97087 70 63
97551 44 68
98029 71
98261 70
98504 42
98795 42
99039 42
99213 42 61
99364 42
99644 42
99807 42
99992 42
100224 42
100468 42
100619 71
100863 71
101107 71
101339 75
101804 73
102037 71
102280 52 40
102501 76
102757 71
103221 76 52 40
103465 71
103687 71
103919 78
104151 47
104407 75
104883 73
105115 47
105359 71
105813 78
106057 44 47
106533 75
106765 63
107009 73 44
107473 71
107718 73
107950 42
108183 71
108426 71
108659 71
108891 75
108949 42
109367 73
109600 71
109833 73 40
110065 71 52
110808 40
111017 52 71
111261 71
111493 78
111715 47
111959 75
112446 73
112678 47
112911 71
113387 78
113609 56 44 47
114085 75
114410 63
114572 73 44
115037 71
115268 73
115512 42
115746 61 73
115978 75
116454 42
116918 71
117267 42 75
117371 40
117429 75
117523 40
117627 75
117860 75
118220 71
118290 40
118347 52
118464 71 40
118579 75
118812 75
119172 75
119288 47
119521 73
120229 47
120473 73
120949 71
121066 75
121182 56
121298 44
121414 75
121636 75
121834 63 71
121996 71
122112 44
122228 71
122355 75 44
122599 75
122832 78
122948 75
123075 42
123308 73
123529 73
124017 71 42
124249 61 73
124958 40
125190 76
125434 71 52
125899 76 52 40
126132 71
126608 75
126840 47
127084 75
127327 71
127782 47 75
128025 71
128490 75
128734 56 44
128977 75
129221 71
129675 56 75
129734 44
129908 71
130384 73 44
130639 42
130871 73
131103 71
131569 73 61 42
131801 71
132510 52
132753 78
133915 52
134403 47
135354 46
136296 56 44
136528 56
136993 68
138178 61 42
139364 75
139596 73
139828 71
140072 52
140316 66
140560 68
140792 71
141257 73 68
141409 52
141722 73
141966 75 47
142907 46
143372 71
143848 56
143929 44
144092 78
144557 75 63
145033 71
145498 73
145742 61 42
147170 66
147392 68
147543 40
147636 52 71
147740 40
148100 66
148588 52 71
148658 40
148820 68 40
148936 66
149286 71
149507 47
149994 71
150238 71
150470 73 47
150702 73
150946 71
151178 73
151400 44 56 47 71
151888 63 70
152364 56 68 44
152827 71 68
153060 63 70
153294 42
154269 42
154721 54 66
155197 71 40 52
155663 71
156139 71 52
156220 40
156371 73 40
156488 75
156847 73
157079 47 71
157545 71
157789 71
158021 75 47
158382 73
158741 71
158858 73
158962 44 71 47
159439 63 70
159915 56 68
159985 44
160391 71 68
160623 63 70
160867 42
161158 42
161391 42
161553 42 61
161727 42
162007 42
162169 61 42
162366 42
162598 42
162830 42
162982 71
163215 71
163459 71
163691 75
164167 73
164411 71
164654 52 40
164875 76
165119 71
165585 52 76 40
165817 71 52
166061 71
166293 78
166525 47
166769 75
167235 73
167467 47
167711 71
168175 78
168430 56 47 44
168895 75
169092 63
169361 56 73
169430 44
169837 71
170080 73
170324 42
170545 71
170789 71
171021 71
171243 75
171289 42
171730 73
171963 71
172171 40
172207 73
172334 40
172439 52 71
173205 40
173380 71 52
173612 71
173844 78
174076 47
174320 75
174808 73
175040 47
175262 71
175738 78
175982 47 44
176934 56 75
176992 44
177399 73
177527 63
177620 75 44
177864 73 61 42
178827 42
179048 71
179514 71
179630 75
179735 40
179780 75
179886 40
180001 75
180234 75
180583 71
180617 40
180710 52
180826 71
180872 40
180942 75
181164 75
181536 75
181640 47
181884 73
182592 47
182836 73
183301 71
183418 75
183534 56 44
183777 75
184010 75
184207 71
184369 71
184486 44
184614 71
184729 75
184962 75
185184 78
185299 75
185427 42
185660 73
185892 73
186136 71
186379 75
186438 42
186855 76
187077 75
187321 73
187367 40
187553 71 52
188285 40
188505 71 52
188738 71
188970 78
189192 47
189436 75
189923 73
190155 47
190388 71
190864 78
191086 56 47 44
192049 44
192282 75
192757 73
192991 42
193223 61 73
193454 75
193687 76
193930 75 42
194395 73
194650 71
194895 52 40
195104 76
195348 71
195813 76
196057 71
196533 75
196765 47
196998 75
197230 71
197718 75
197950 71
198426 75
198659 56 44
198891 75
199124 71
199600 63 75
199844 71
200309 73
200541 42
200785 61 73
201018 71
201494 73
201726 71
202202 76
202388 40 52
202539 40
202678 76
202713 52
202911 71
203376 76
203609 71
204085 75
204328 47
204561 75
204804 71
205270 75
205502 71
205978 75
206222 56 44
206454 75
206698 71
207152 63 75 44
207396 71
207872 73
208116 42
208348 61 73
208580 71
209046 61 73
209290 71
