0 48 64 67
477 60 48
710 64
954 67
1186 72
1430 48 65
1906 60 48
2139 65 60
2383 60 72
2615 65
2859 67 48
3335 60
3579 67 60
3811 72 60
4044 67
4288 53 69
4764 67 52
5229 79 67 50
5716 67 48
6658 67
7145 67 47
7621 65
8332 64
8563 45 65
8807 64
9039 60
9981 43
10945 60
11433 60 41
11920 60
12618 60
12862 60 40
13326 60
13582 62
14280 74 62
15719 62 59 43
16661 67
16905 67
17148 67 48
17624 67
18577 59 47
19530 65
19762 76 64
19995 65 45
20239 64
20471 60
21423 43
22376 57
22620 57
22864 41 57
23816 65
24049 65
24282 65 43
24444 62
24758 64
25234 60
25292 76
25721 60 48
26187 60
26419 64
26629 76
26663 67
26907 60 72
27139 65 48
27615 60 48
27848 65
28081 72 60
28337 65
28568 67 48
29044 60
29288 67
29520 72 60 67
29764 67
29998 69 53
30474 52
30706 67
30950 79 67 50
31425 67 48
31904 67
32380 67
32843 59 67 47
33343 65
33797 64
34285 65 45
34517 64
34761 60
35713 43
36666 60
37154 60 41
37618 60
38095 60
38571 60 40
39523 62
39757 62
39989 74 62
40476 42
40941 50
41429 43 62 59
42370 64
42625 64
42846 67 48
43334 67
44043 67
44275 67 47
45239 65
45483 64
45715 65 45
46181 64
46668 64
47144 64 43
48074 76 60
48573 60 41
49049 60
49760 64
49991 62 65 43
50329 62
50711 64
50943 60
51106 76
51281 48
51432 60 48
52861 60 64
53337 67
53802 72
54279 69 57
55242 69
55708 69 55
56671 71 55
56904 72
57147 66 71 54
57623 69 66
58576 53
59971 69 57
60946 69
61434 69 55
62375 71 55
62619 72
62863 71 54 66
64281 50
64757 52
65233 69 66 54
65698 67 55
66186 71
66662 74
67149 74 53
67615 74
68091 74
68556 76 52
69043 76
69531 76
69985 77 50
70472 77
70961 77
71437 67 79 48
71902 67 79
72622 79
72866 59 79 47
73330 77
74040 76
74272 45 77
74527 76
74573 57
74747 72
75701 43
77141 69 41
77618 69 72
78326 72
78570 72 40
79523 74
79999 62 74
80475 42
80951 50
81427 43
81905 76
82381 77
82868 79 67 48
83333 79
84054 79
84286 59 79 47
84762 77
85460 77
85715 77 45
85947 76
85994 57
86191 72
87132 43
88096 67
88572 69 41
89037 72
89514 72
90001 77 43
90477 76
90942 72
91419 72 48
92860 48
93335 60
93569 60 65
93813 72 60
94045 65 72
94289 48 67
94765 60 48
94997 67 60
95241 72
95474 67
95718 53 69
96183 67 52
96670 79 67 50
97146 67 48
98088 67
98564 67 47
99051 65
99749 64
99993 65 45
100237 64
100481 60
101422 43
102386 60
102862 60 41
103327 60
104047 60
104291 60 40
104767 60
104999 62
105709 74 62
107148 62 59 43
108090 67
108334 67
108577 67 48
109054 67
109995 59 47
110959 65
111191 64
111424 65 45
111681 65
111900 60
112563 65
112852 43
113807 69 57
114050 69 57
114283 69 41 57
115246 65
115480 65
115712 62 65 43
116188 64
116664 60
116861 76
116989 48
117151 60 48
117617 60 48
117849 64
118093 67
118279 76
118325 72
118581 48 65
119045 60 48
119279 65 60
119522 60 72
119755 65
119998 67 48
120474 60 48
120718 67
120950 72 60
121194 67
121427 53 69
121904 52
122147 67
122344 79
122380 67 50
122856 67 48
123333 67
123809 67
124285 67 47
124761 65
125226 48 64
125714 65 45
125946 64
126190 60
126666 65
127142 43
128095 60
128571 60 41
129047 60
129524 60
130000 60 40
130952 62
131186 62
131418 74 62
131906 42
132382 50
132858 62 59 43
133812 64
134043 65
134275 67 48
134775 67
135473 67
135706 59 47 67
136669 65
136913 76 65
137135 45 65
137611 64
138098 64
138574 64 43
139516 76 60
140004 60 41
140480 60
141177 64
141421 65 43
141665 62
142141 64
142373 60
142861 60 48
144279 64 60
144766 67
145232 72 76 67
145708 69 57
146671 69
147137 69 55
148100 71
148333 72
148576 66 71 54
149042 66 69
150006 53 65
150424 41
151423 57
152375 69
152863 69 55
153805 71
154048 72
154281 71 54 66
155711 50
156198 52
156674 54 69 66
157129 67 55
157616 67 71
158104 74
158580 74 53
159034 74
159521 74
159986 76 52
160473 76
160939 76
161426 77 50
161902 77
162379 77
162866 79 67 48
163332 67 79
164040 79
164284 79 47 59
164771 77
165469 76
165690 45 77
165957 76
166026 57
166177 72
167131 43
168570 69 41
169024 72 69
169756 72
170011 72
170092 40
170952 74
171429 74 62
171905 42
172381 50
172857 43
173334 76
173810 77
174298 67 79 48
174762 67 79
175471 79
175704 59 47 79
176192 77
176901 77
177134 77 45
177377 76
177470 57
177621 72
178573 43
179526 67
180002 69 41
180479 69 72
180944 72
181420 43 77
181908 76
182384 72
182849 72 48
184300 48
184765 60 48
184998 60 65
185231 72 60
185474 65
185718 67 48
186194 60
186426 67
186670 72
186892 67
187136 69 53
187623 67 52
188099 67 50
188575 48 67
189041 60 48
189285 64
189517 67
189657 76
189761 60 72
190005 48 65
190469 60 48
190724 60 65
190946 72 60
191190 65
191422 67 48
191898 60
192142 67 60
192386 72 60
192630 67
192851 53 69
193327 67 52
193815 69 65 50
194291 76 67 64 48
195454 76
195860 67
