0 62 67
202 65 60
608 72 67 60
810 72 67 60
1013 72 67 60
1216 67 72 60
1418 60 67 72
1621 60 67 72
1824 67 72 60
2027 72 67 60
2229 77 72 65
2432 77 65 72
2635 72 65 77
2837 72 65 77
3040 77 65 72
3243 72 65 77
3445 77 72 65
3648 65 72 77
3851 55 62 67
4054 62 67 55
4256 67 62 55
4459 62 55 67
4662 67 62 55
4864 62 55 67
5067 67 55 62
5270 67 55 62
5472 62 55 67
5675 57
5878 57
6081 57
6283 57
6486 65 60 53
6689 53 65 60
6891 65 60 53
7094 60 67 72
7297 72 60 67
7499 72 67 60
7702 67 72 60
7905 72 67 60
8108 72 60 67
8310 72 60 67
8513 72 60 67
8716 77 72 65
8918 72 65 77
9121 77 65 72
9324 72 65 77
9527 65 72 77
9729 65 72 77
9932 77 65 72
10135 77 65 72
10337 55 67 62
10540 62 55 67
10743 62 67 55
10945 55 62 67
11148 55 67 62
11351 67 62 55
11554 55 67 62
11756 55 62 67
11959 67 62 55
12162 57
12364 57
12567 57
12770 57
12972 53 65 60
13175 53 65 60
13378 65 53 60
13581 67 60
13783 67 60
13986 60 67
14189 67 60
14391 60 67 76
14594 60 67
14797 60 67 72
14999 67 60
15202 55 62
15405 62 55
15608 62 55
15810 62 55
16013 62 55 71
16216 55 62
16418 55 62 72
16621 62 55
16824 53 60
17027 60 53
17229 60 53
17432 60 53
17635 53 60 76
17837 53 60
18040 53 60 72
18243 53 60
18445 55 62
18648 62 55
18851 55 62
19054 62 55
19256 55 62 71
19459 62 55
19662 62 55 72
19864 55 62
20067 60 67
20270 67 60
20472 60 67
20675 60 67
20878 60 67 76
21081 67 60
21283 60 67 72
21486 67 60
21689 62 55
21891 55 62
22094 62 55
22297 55 62
22499 62 55 71
22702 55 62
22905 55 62 72
23108 62 55
23310 60 53
23513 60 53
23716 53 60
23918 60 53
24121 60 53 76
24324 60 53
24527 60 53 72
24729 53 60
24932 62 55
25135 62 55
25337 55 62
25540 62 55
25743 62 55 71
25945 62 55
26148 55 62 72
26351 55 62
26554 60 67
26756 67 60
26959 60 67
27162 67 60
27364 67 60 76
27567 60 67
27770 67 60 77
27972 60 67
28175 55 62
28378 62 55
28581 62 55
28783 62 55
28986 62 55 76
29189 55 62
29391 62 55 72
29594 62 55
29797 53 60
29999 60 53
30202 60 53
30405 60 53
30608 53 60 76
30810 60 53
31013 60 53 72
31216 60 53
31418 62 55
31621 62 55
31824 62 55 67
32026 55 62
32229 62 55 71
32432 55 62
32635 62 55 72
32837 62 55
33040 67 60
33243 67 60
33445 67 60
33648 60 67
33851 60 67 76
34054 60 67
34256 67 60 72
34459 60 67
34662 62 55
34864 62 55
35067 62 55
35270 62 55
35472 55 62 71
35675 55 62
35878 62 55 72
36081 62 55
36283 53 60
36486 60 53
36689 53 60
36891 53 60
37094 60 53 76
37297 53 60
37499 60 53 72
37702 53 60
37905 55 62
38108 62 55
38310 62 55 67
38513 55 62
38716 62 55 71
38918 55 62
39121 62 55 72
39324 55 62
39526 60 67
39932 67 60
40135 67 60
40337 72 76 67 60
40540 72 76
40743 60 67 72 76
40945 60 67
41148 72 67 76 60
41554 67 60
41756 60 67
41959 72 76 60 67
42162 77 72
42364 67 60 76 72
42567 67 60
42770 74 55 62 67
43175 62 55
43378 62 55
43581 74 67 62 55
43783 74 67
43986 55 67 62 74
44189 67 72 55 62
44391 60 53 65 72
44797 53 60
44999 60 53
45202 77 69 53 60
45405 77 69
45608 60 53 77 69
45810 60 53
46013 72 48
46216 48 72 76
46418 48
46621 72 48 76
46824 48 76 72
47026 48
47229 76 72 48
47432 48 76 72
47635 48
47837 48 67 72
48040 48 72 67
48243 48
48445 48 67 72
48648 48
48851 48 72 67
49054 48
49256 62 67 71 74
49459 62 67 71 74
49662 62 67
49864 67 74 71 62
50067 62 67 71 74
50270 62 67
50472 74 62 67 71
50675 67 62 71 77
50878 53
51081 69 72 53
51283 53 72 69
51486 53
51689 53 69 72
51891 53
52094 53 72 69
52297 53
52499 76 72 48 55
52702 55 48 76 72
52905 48 55
53108 55 76 48 72
53310 55 48 76 72
53513 48 55
53716 55 72 76 48
53918 55 48 72 76
54121 55 48
54324 55 48 72 67
54526 48 55 67 72
54729 55 48
54932 55 48 67 72
55135 48 55
55337 55 48 72 67
55540 48 55
55743 74 67 71
55945 67 74 71
56148 67
56351 67 71 74
56553 67 74 71
56756 67
56959 74 71 67
57162 67 77 71
57364 60 53
57567 53 60 69 72
57770 53 60 69 72
57972 53 60
58175 53 60 69 72
58378 53 60
58581 60 53 72 69
58783 60 53
58986 67 72
59189 67 72
59391 72 67
59594 67 72
59797 67 72
59999 72 67
60202 72 67
60405 67 72
60608 72 77 65
60810 65 77 72
61013 77 65 72
61216 72 77 65
61418 65 72 77
61621 77 65 72
61824 77 65 72
62026 72 77 65
62229 67 62 55
62432 55 62 67
62635 62 55 67
62837 67 55 62
63040 62 55 67
63243 62 55 67
63445 55 62 67
63648 55 62 67
63851 62 55 67
64053 57
64256 57
64459 57
64662 57
64864 65 60 53
65067 53 65 60
65270 53 65 60
65472 60 67 72
65675 60 67 72
65878 60 67 72
66081 60 72 67
66283 60 72 67
66486 72 60 67
66689 60 72 67
66891 67 72 60
67094 65 77 72
67297 72 77 65
67499 65 77 72
67702 77 72 65
67905 72 65 77
68108 72 77 65
68310 72 77 65
68513 72 65 77
68716 67 62 55
68918 67 62 55
69121 62 55 67
69324 55 62 67
69526 55 62 67
69729 55 67 62
69932 62 67 55
70135 55 62 67
70337 67 62 55
70540 57
70743 57
70945 57
71148 57
71351 53 60 65
71553 65 53 60
71756 60 65 53
71959 60 67
72162 67 60
72364 67 60
72567 67 60
72770 60 67 76
72972 67 60
73175 67 60 72
73378 60 67
73581 62 55
73783 55 62
73986 55 62
74189 55 62
74391 62 55 71
74594 55 62
74797 62 55 72
74999 55 62
75202 53 60
75405 53 60
75608 53 60
75810 60 53
76013 53 60 76
76216 53 60
76418 53 60 72
76621 60 53
76824 62 55
77026 62 55
77229 55 62
77432 55 62
77635 62 55 77
77837 62 55
78040 55 62 76
78243 62 55
78445 67 60
78648 67 60
78851 67 60
79053 72 60 67
79256 60 67 72
79459 60 67
79662 60 67 76
79864 67 60
80067 55 62 77
80270 62 55
80472 55 62 76
80675 55 62
80878 55 62 74
81081 62 55
81283 55 62 76
81486 62 55 72
81689 53 60
81891 53 60
82094 60 53
82297 53 60
82499 60 53
82702 53 60
82905 53 60
83108 71 53 60
83310 55 71 62
83513 55 71 62
83716 62 71 55
83918 55 62 71
84121 71 55 62
84324 62 55 71
84526 71 55 62
84729 55 72 62
84932 60 67
85337 67 60
85540 67 60
85743 76 72 60 67
85945 72 76
86148 67 60 72 76
86351 67 60
86553 76 67 72 60
86959 60 67
87162 67 60
87364 72 76 60 67
87567 77 72
87770 60 67 72 76
87972 60 67
88175 62 74 67 55
88580 55 62
88783 55 62
88986 67 74 55 62
89189 74 67
89391 62 74 67 55
89594 62 67 72 55
89797 72 53 65 60
90202 60 53
90405 53 60
90608 69 77 60 53
90810 77 69
91013 60 53 77 69
91216 53 60
91418 55 48 72
91621 55 48 76 72
91824 48 55
92026 76 72 48 55
92229 55 48 76 72
92432 48 55
92635 55 76 48 72
92837 48 55 72 76
93040 48 55
93243 67 48 72 55
93445 48 55 72 67
93648 55 48
93851 48 55 67 72
94053 48 55
94256 48 55 67 72
94459 55 48
94662 55 74 62 71
94864 62 55 74 71
95067 62 55
95270 74 62 55 71
95472 55 62 74 71
95675 55 62
95878 74 62 55 71
96080 62 55 71 77
96283 53 65
96486 53 69 72 65
96689 53 65 72 69
96891 53 65
97094 65 53 69 72
97297 65 53
97499 65 53 69 72
97702 65 53
97905 76 55 72 48
98108 55 48 72 76
98310 55 48
98513 48 76 55 72
98716 55 48 76 72
98918 55 48
99121 76 55 72 48
99324 48 55 76 72
99526 48 55
99729 55 67 72 48
99932 55 48 72 67
100135 48 55
100337 55 48 72 67
100540 55 48
100743 55 48 72 67
100945 55 48
101148 71 55 62 74
101351 62 55 74 71
101553 55 62
101756 55 74 62 71
101959 62 55 71 74
102162 62 55
102364 55 71 74 62
102567 62 55 71 77
102770 53 60
102972 72 69 53 60
103175 60 53 69 72
103378 60 53
103580 53 60 72 69
103783 53 60
103986 60 53 69 72
104189 53 60
104391 60
104422 64
104458 67
104494 72
107639 60
107702 65
107766 72
109260 62
109326 67
109390 74
110884 67 60 64 72
111087 79
111492 79
111898 79
112303 79
112708 79
113114 79
113519 79
113925 79
114127 72 60 65
114330 79
114735 79
115141 79
115546 79
115749 74 67 62
115952 79
116357 79
116762 79
117168 79
117371 72 60 64 67
117573 79
117979 79
118384 79
118789 79
119195 79
119600 79
120006 79
120411 79
120614 72 60 65
120817 79
121222 79
121627 79
122033 79
122235 62 74 67
122438 79
122844 79
123249 79
123654 79
123857 67 72 60 64
124060 79
124465 79
124871 79
125276 79
125681 79
126087 79
126492 79
126898 79
127100 65 60 72
127303 79
127708 79
128114 79
128519 79
128722 74 67 62
128925 79 62
129127 62
129330 79 62
129533 62
129735 62 79
129938 62
130141 79 62
130340 55 48
130746 48 55
130948 48 55
131151 67 72 76 48 55
131354 67 72 76
131557 55 48 67 76 72
131759 48 55
131962 76 72 55 48 67
132367 55 48
132570 55 48
132773 76 72 67 55 48
132976 67 72 77
133178 55 48 72 76 67
133381 48 55
133584 74 71 55 67 50
133989 55 50
134192 50 55
134394 71 67 74 55 50
134597 71 74 67
134800 55 50 71 74 67
135003 50 55
135205 48 65 69 53 72
135611 48 53
135813 53 48
136016 72 77 69 48 53
136219 72 77 69
136421 48 53 72 76 69
136624 53 48
136827 67 72 64 48 55
137232 48 55
137435 48 55
137638 72 67 76 48 55
137840 76 67 72
138043 55 48 67 76 72
138246 48 55
138448 55 72 67 48 76
138854 48 55
139057 55 48
139259 76 72 67 48 55
139462 67 72 77
139665 55 48 67 76 72
139867 55 48
140070 50 74 71 55 67
140476 50 55
140678 55 72 50 67
140881 71 74 67 50 55
141084 71 67 74
141286 71 55 74 67 50
141489 55 50 72 67
141692 65 53 48 69 72
142097 53 48
142300 53 72 65 48 69
142503 72 69 77 53 48
142705 77 72 69
142908 53 48 76 72 69
143111 48 53
143313 48 67 64 72 55
143719 48 55
143921 48 55
144124 67 76 72 48 55
144327 67 72 76
144530 48 55 76 67 72
144732 55 48
144935 48 72 76 67 55
145340 55 48
145543 48 55
145746 67 72 76 48 55
145948 72 77 67
146151 48 55 72 76 67
146354 55 48
146557 71 67 74 55 50
146962 50 55
147165 50 55
147367 74 71 67 55 50
147570 67 74 71
147773 50 55 67 71 74
147975 50 55
148178 53 72 69 65
148381 53
148584 48 53
148989 69 77 72 53
149192 72 77 53 69
149394 48 76 69 53 72
149800 72 55 67 64 48
150205 55 48
150408 55 48
150611 72 76 67 55 48
150813 67 72 76
151016 48 55 72 67 76
151219 48 55
151421 67 48 55 72 76
151827 55 48
152030 48 55
152232 67 76 72 55 48
152435 77 67 72
152638 48 55 67 76 72
152840 48 55
153043 55 74 67 50 71
153448 50 55
153651 50 67 72 55
153854 71 74 67 55 50
154057 71 67 74
154259 50 71 67 74 55
154462 55 72 50 67
154665 53 72 69 65
154867 53
155070 48 53
155273 72 65
155475 65 69 74 53
155678 53 69 74 65
155881 69 65 74 48 53
156084 72 65 69
156286 53 72 65 69
156489 53
156692 48 53
156894 69 72 65
157097 72 77 69 53
157300 77 72 53 69
157503 48 72 69 77 53
157908 67 72 55 48 60
