0 74 69 72 77
417 69 72 74 77
833 69 72 77 74
1250 69 77 72 74
2083 69 72 77 74
3333 71 77 74 67
3750 77 67 74 71
4167 74 77 69 71
4583 77 67 71 74
5000 69 65 74 72
5208 71 62 67 74
6667 70 67 72 76
7083 67 76 72 70
7500 67 70 72 76
7917 70 67 77 74
8750 70 67 76 72
9583 60
10000 60
10417 65 69 72 77
10833 77 69 72 65
11250 67 74 70 77
11667 65 69 72 77
12083 72 67 64 70
12292 65 60 72 69
13750 72 50 62 69 65
14167 69 65 72 62
14583 62 69 72 65
15000 72 65 62 69
15417 74
15833 69
16250 65
16667 72 69 65 62
17083 41 53 72 69 65 63
17500 65 72 63 69
17917 72 70 63 65
18333 63 72 65
19167 63 65 72
20000 70 65 77 74
20417 74 70 58 46
20833 70
21250 74
21667 77
22083 79 70 75
22917 77 74
23750 77 55 43 74 70
24167 74 67
24583 67 77 70 74
25000 67 70 74
25833 67 70 74
26250 74 58 77
27083 60 67 70 72 48
27500 72 67
27917 74
28333 76 70 67 72
28750 70
28958 67
29167 62 67 72
29583 72 63 69
30000 74 70 65
30417 66 78 70 73
30833 66 73 70 78
31250 65 77 72 69
32083 64 76 71 68
32500 64 76 71 68
32917 65 72 77 69
33750 66 70 73 78
34167 73 70 66 78
34583 65 77 72 69
35417 64 76 71 68
35833 64 68 76 71
36250 65 72 69 77
37083 65 62 70 74 58 46
37500 74 70
37917 74 77
38333 65 62 74 70
38750 60 65 45 57 69 72
39167 69
39583 69 77 72
40000 69
40417 77 56 44 74 71 68
40833 77 74 71 68
41250 77 71 68 74
41667 77 74 71 68
42083 76 43 55 70 72 67
42917 60 76 67 70 72
43333 64 60 67
43750 67 76 72 55 43
44167 67
44583 70
45000 72
45417 72
45521 76
45625 79
46250 64
46667 65
47083 41 53 69 65
47500 60
47917 65
48333 69
48750 74
49167 60
49583 72
50000 60
50417 53 65 69 41
50833 60
51250 65
51667 69
52083 74
52500 60
52917 72
53333 60
53750 41 69 65 53
53958 69
54167 60
54583 65
55000 69
55417 74
55833 60
56250 72
56667 65 60
57083 67 50 65 69
57500 69 60
57708 69
57917 65
58333 69
58750 76
59167 62
59583 74
60000 69 62
60208 69
60417 46 70 58 67
60729 72
60833 67
61042 70
61250 70
61458 69
61667 74
61875 67
62500 67
62917 67 79
63333 69 67
63750 58 74 46 70
63958 72
64167 67
64375 70
64583 70
64792 69
65000 74
65208 67
65417 48 60 76 67
65833 70
66250 72
66667 79
67083 69 65 41 53
67292 69
67500 60
67917 65
68333 69
68750 74
69167 60
69583 69 72
70000 72 60
70417 76 50 69 65
70833 62
71042 74
71250 74 65
71667 69
72083 76
72500 62
72917 74
73333 74 62
73750 77 70 55 43 74
74167 77 67
74583 77 70
75000 77 74
75417 77 42 54 70 66
75833 74
76042 74
76250 65 53 41 70
76354 70
76458 72
76563 70
76667 74
76875 69
77083 67 64 52 70 40
77500 64
77917 70
78333 74
78750 63 70 51
79167 74
79583 50 62 70
80000 74
80417 58 70 74 46
80625 74
80833 70
81250 74 77
81667 74
82083 74 77
82500 70
82917 69 57 45 72
83333 74 65
83542 75
83750 55 74 70 43 67
84167 67
84583 70
85000 74
85833 67
86250 79
86667 74 67
86875 74
87083 48 60 72 75
87500 72
87708 74
87917 74 77
88333 72 59 47 71 74 77
88542 72
88750 74 70 58 46 77
89167 70
89583 77 57 74 45 69
90000 69
90208 65
90417 41 65 53 69
90833 72 41 53
91042 41 69 53 72
91250 41 53 69 72
91667 74 53 41
91875 74 69 65 41 53 72
92083 53 72 41 65 69
92500 75 53 41
92708 41 75 53 65
92917 69 75 41 65 53
93125 41 53
93333 77 53 41
93542 75
93750 46 74 70 58
94167 74 70
94583 77 74
95000 72 70
95208 74
95417 77 57 69 45
95833 69
96250 72 77
96667 72 69
96875 74
97083 74 55 43 70
97500 67
97917 74 70
98333 65 67
98542 65
98750 70 51 66 63
99063 68
99375 66
99792 68
100104 66
100417 65 58 77 74 46 70
100833 70
101250 74
101667 77
102083 79 75
102917 74 77
103750 73 76
104583 72 75
105417 53 41 69 65
105833 60
106250 65
106667 69
107083 74
107500 53
107917 72
108333 53
108750 41 53 65 69
109167 60
109583 65
110000 69
110417 74
110833 60
111250 72
111667 60
112083 41 69 65 53
112292 69
112500 60
112917 65
113333 69
113750 74
114167 60
114583 72
115000 65 60
115417 67 65 50 69
115833 69 62
116042 69
116250 65
116667 69
117083 76
117500 62
117917 74
118333 69 62
118750 55 43 70 74
118958 72
119167 70
119375 70
119583 74
119792 69
120000 77
120208 67
120833 67
121250 67 79
121667 69 67
122083 55 43 74 70
122500 72 67
122708 70
122917 70
123333 69 74
123542 67
123750 48 74 60 70
124167 70
124583 74
125000 79
125417 69 65 41 53
125625 69
125833 60
126250 65
126667 67 69
126875 65
127083 67 74
127292 69
127500 60
127917 72
128333 72 60
128750 76 69 72 50
129167 62
129375 74
129583 74 65
130000 69
130417 76
130833 62
131250 74
131667 72 62
131875 74
132083 77 55 43 74 70
132500 77 67
132917 77 70
133333 77 74
133542 77
133750 70 66 42 54
134167 74
134375 70
134583 69 41 65 70 53
135000 74
135208 67
135417 67 40 64 52 70
135833 64
136250 70
136667 74
137083 63 51
137500 74
137917 62 50
138333 74
138750 46 58 70 74
138958 74
139167 70
139583 77 74
140000 74
140417 77 74
140833 70
141250 77 72 45 57 70 74
141667 74 65
141875 75
142083 62 74 55 43
142500 55 62 67
142917 58 70
143333 62 74
143750 69
144167 62
144583 67 79
145000 62
145417 75 70 48 60
145833 74 70
146250 74 75 79
146458 72
146667 72 59 71 79 47 75
147083 79 58 75 70 46
147500 70
147917 79 75 57 45 69
148333 69
148542 72
148750 55 67 60 69 65 41 53
149167 72 65 41 53
149375 53 72 69 65 41
149583 70 58 69 41 65 53 72
150000 74 57 69 53 41
150208 65 69 53 41
150417 62 74 65 69 53 41
150625 75
150833 72 60 75 41 53
151042 65 69 53 41 75
151250 79 67 53 41 75 69 65
151458 53 41
151667 77 75 41 53 69 65
151875 75
152083 77 58 70 46 65 74
152292 74
152500 65
152917 77 70 74
153333 65
153750 75 45 69 72 57
154167 65
154583 72 77 69
155000 65 57 45
155417 62 70 74 43 55
155833 67
156250 70
156667 74
157500 67
157917 79
158333 67
158750 75 48 72 60
159167 72
159583 79 75
160000 75 47 59 71 79
160417 75 58 46 79 70
160833 70
161250 57 79 45 75 69
161667 69
162083 72 65 41 69 53
162500 53 41
162708 53 41 77
162917 41 69 72 77 53
163333 41 53
163542 41 69 53 72 65
163750 53 65 69 41 72
164167 53 41
164375 69 75 41 65 53
164583 41 75 53 69 65
164792 41 53
165000 41 53
165417 70 58 74 46
165833 70
166250 74 77
166667 70
167083 72 69 45 57
167500 69
167917 72 77
168333 69
168750 55 43 74 70
169167 67
169583 70
170000 74
170833 67
171250 79
171667 67
172083 75 60 72 48
172500 72
172917 75 79
173333 71 47 75 59 79
173750 58 79 75 46 70
174167 70
174583 75 45 79 69 57
175000 69
175417 72 44 56 75 68
176042 75 72
176250 56 72 75 44
176562 44 56
176771 55 43
177083 75 54 42 72 68
177917 68 53 72 75 41
178333 68 72
178646 77
178750 52 40 68 64 71
179167 68 64 71
179583 71 68 64
180000 68 64 71
180417 64 71 68
180833 68 64 71
181250 71 64 68
181667 68 71 64
182083 73 69 64
182500 64 68 71
182708 71 68 64
182917 70 64 67
183125 67
183333 64 71 68
183542 68
183750 73 64 69
183958 69
184167 64 71 68
184375 68 71 64
184583 64 67 70
185000 68 71 64
185208 68 71 64
185417 73 76 69
185833 68 64 71
186042 71 64 68
186250 69 73 76
186667 64 68 71
186875 64 71 68
187083 70 67 64
187292 67 70 64
187500 68 64 71
187917 64 73 69
188333 71 64 68
188750 68 63 72 51
188958 72 63 51
189167 63 68 51 72
189375 63 72 51 68
189583 73 70 68 63 51
190000 73 70 68 51 63
190417 55 62 74 68 71 50
190625 68 55 62 74 71 50
190833 62 55 68 74 71 50
191042 62 55 74 71 50 68
191250 67 57 71 47 66 69 75
191667 57 71 67 66 75 69 47
192083 76 71 52 40 68
193333 64
193542 64
193750 65
193958 64
195000 64
195208 64
195417 65
195625 64
195833 64 52 40
196042 64 52 40
196250 65 53 41
196458 64 52 40
196667 62 50
196875 60 79 48
197083 59 78 47
197292 65
197500 77
197708 77
197917 77
198125 77 74
198542 77 70 74
198958 67 70 74 77
199167 67 65 77 74 70
199583 61 66 58
200000 65 60 57
200208 65
200417 64 65 59 56
200833 60 65 57
201250 66 61 58
201667 57 60 65
201875 65
202083 64 56 65 59
202500 65 57 60
202917 63 70 58 46 67 75 79
203333 62 70 77 58 74 46
203542 62 70 74 58 46 77
203750 61 58 70 73 46 76
204167 62 77 70 74 58 46
204583 63 46 67 79 58 75 70
204792 63 58 67 75 46 79 70
205000 62 74 65 58 70 46 77
205417 61 65 58 70 76 46 73
205625 76 58 61 73 70
205833 62 46 65 74 70 58 77
206250 58 79 75 51 63 70
206667 58 75 79 70 63 51
206875 58 65 70 75 77
207083 58 62 50 74 70 77
207500 74 77 62 58 50 70
207708 70 74 58 77 62
207917 60 48 67 70 76
208125 58
208333 57 60 67 70 76
208541 55 76 60 70 67
208750 65 69 53 41 72 77
208958 77
209166 77
209375 77
209583 79 75
210000 77 74
210416 76 73
210833 72 75
211250 66 78 73 70
211458 66
211666 65 77 72 69
212083 64 68 71 77
212291 64
212500 65 72 69 77
212916 66 73 78 70
213125 66
213333 65 72 77 69
213541 65
213750 64 68 76 71
214166 41 65 53
214583 46 70 58
215000 53 65 41
215416 65 58 77 46 74 70
216041 72 41 53 65 69
216250 72 69 53 65 41
216458 74 65 53 41 70 67
216666 75 65 72 53 69 41
216875 65 74 67 41 70 53
217083 72 69 41 65 53
217291 74 77
217500 77 74
217708 77 74
218333 53 41 65
218750 46 70 58
219166 65 53 41
219375 72 69 41 65 53
219583 72 69 65 53 41
219791 65 74 41 53 67 70
220000 75 65 41 72 53 69
220208 74 65 67 53 41 70
220416 72 41 69 65 53
220625 74 77
220833 74 77
221041 74 77
221666 65 41 53
222083 58 46 70
222500 65 53 41
222708 72 41 65 53 69
222916 72 41 65 69 53
223125 74 65 41 70 67 53
223333 75 65 41 72 53 69
223541 65 74 53 67 41 70
223750 72 65 53 69 41
223958 77 74
224166 74 77
224375 77 74
224583 72 65 53 69 41
224791 74 65 53 41 67 70
225000 75 65 53 69 41 72
225208 74 65 53 67 70 41
225416 57 72 65 69 41 53
225625 53 74 77
225833 74 77 58
226041 77 57 74
226250 72 60 69 65
226458 65 74 58 70 67
226666 65 63 75 69 72
226875 65 62 74 67 70
227083 72 65 69
227291 63
227500 70
227708 70
227916 68
228125 68 77
228541 68 73 77
228958 68 73 77 71
229166 77 73 68 71
229583 61 42 54 66 73 69
230000 64 76 52 68 71 40
230416 64 45 57 69 73 76
230833 63 72 75 56 68 44
231250 49 68 73 77 61
231666 65 69 53 72 77 41
232083 74 46 58 70 77
232291 65
232500 65
232708 65
232916 67
233125 65
233333 65
233541 65
233750 67
233958 65
234166 74 77 70 65 58 46
234375 74 70 65 77 58 46
234583 70 79 67 75 60 48
234791 70 74 77 65 58 46
235000 69 72 63 75 45 57
235208 62 67 74 70 43 55
235416 72 65 69 60 41 53
235833 53 77 65
236250 77 62 58 46 65 70 74
236875 58 77 62 74 65 70
237083 79 63 70 67 51 75
237500 51 63 79 75 67 70
237708 63 79 51 70
237916 64 79 76 45 73 57 69
238125 64 55 79 69 73 76
238333 79 53 64 69 73 45 57 76
238541 64 79 52 69 73 76
238750 62 74 69 77 50
239166 62 69 74 50 77
239583 77 63 53 41 75 72 69
239791 53 41
240000 53 41
240208 67 70 75 63 53 41
240416 74 69 65 53 41
240625 41 53
240833 72 77 63 69 53 41
241041 41 53
241250 79 63 75 41 72 53 69
241458 41 53
241666 41 53
241875 63 77 74 70 53 41
242083 69 75 72 41 53
242291 41 53
242500 63 77 75 69 53 41
242708 53 41
242916 65 77 53 69 75 72 41
243125 53 41
243333 53 41
243541 53 41
243750 53 41
243958 41 53
244166 53 41
244375 41 53
244583 72 53 75 69 41
244713 41 53
244870 53 41
245000 41 72 75 69 53
245130 53 41
245286 41 53
245416 41 72 53 75 69
245547 53 41
245703 53 41
245833 53 69 41 75 72
245963 53 41
246120 41 53
246250 65 46 62 70
246692 65 62 70
247135 70 65 62 41
247396 43
247578 70 62 45 65
247734 46
248021 70 46 65 62
248463 62 65 70
248906 62 65 70 41
249036 43
249166 41
249349 65 70 62
249791 75 70 65 46
250234 70 75 65
250677 70 65 41 75
250937 43
251094 75 70 65 45
251250 46
251536 72 67 48 64
251849 40
251979 67 72 64
252161 41
252422 64 67 72 43
252578 45
252708 43
252864 64 67
253307 65 53 41 60 69
253541 75
253620 53
253750 65 41 53 69 60
253880 75 41
254192 74 53 60 41 69 65
254505 74 53
254635 53 60 65 69 41
254765 41
254817 74
255078 72 69 60 41 65 53
255364 72 53
255521 60 69 46 65
255651 72 53 41
255963 72 46 58 70 60 65
256250 70 58
256406 46 60 65 70 58
256562 46
256849 53 65 69 41 60
257005 70
257135 72 53
257291 60 53 65 41 69
257422 41
257734 69 60 41 53 65
258047 53
258177 41 65 60 69 53
258307 41
258620 41 53 60 65
258854 44 63 68 56
259479 41 65 69 60 53
259687 75
259791 53
259922 69 65 53 41 60
260052 75 41
260364 75 70 60 41 53 65
260651 74 53
260807 60 70 53 65 41
260937 74 41
261250 74 53 69 41 65 60
261510 72
261562 53
261692 69 53 41 60 65
261849 72
262135 72 65 70 60 51
262370 70
262422 51
262578 70 60 65
262760 50
263021 75 63 67 60 48
263307 77 48
263463 79 48 67 60 63
263906 67 63 48 60
264218 48
264349 48 63 60 67
264791 75 67 48 63 60
265078 48
265234 48 63 67 60
265677 60 48 67 63
265989 48
266120 60 67 48 63
266562 74 65 60 69 53 41
266875 53
267005 72 60 69 65 53 41
267135 41
267448 53 41 69 65 60
267760 53
267890 53 60 41 69 65
268021 41
268333 67 63 60 48
268620 48 75
268776 48 63 67 60
268906 48 75
269218 75 48 63 60 67
269531 75 43
269661 60 48 67 63
269791 43
269870 74
270104 74 60 65 53 41 69
270416 53
270547 72 60 65 53 69
270677 53
270989 69 65 60 53 41
271302 53
271432 53 60 65 69
271562 53
271875 70 60 63 48 67
272161 70 48 67 63 60
272317 70 48
272448 70 48 60 63 67
272760 72 53 65 41 69 60
273203 65 69 60
273646 70 67 60 48 63
273932 70 48 60 67 63
274088 70 48
274218 70 63 60 67 48
274531 72 69 60 65 53 41
274870 70
274974 60 69 65
275182 69
275416 70 62 65 46
275859 65 70 62
276302 65 41 62 70
276562 43
276745 65 45 62 70
276901 46
277187 70 46 65 62
277630 70 62 65
278073 62 65 41 70
278203 43
278333 41
278515 65 70 62
278958 75 65 46 70
279401 70 65 75
279843 41 75 70 65
280104 43
280260 65 70 45 75
280416 46
280703 72 48 79 76
280989 40
281146 76 72 79
281302 41
281588 43 79 76 72
281849 45
282005 47 76 72 79
282161 48
282760 61 73 49 77
283333 75 63 77 51
283906 77 53 65
284192 66 49 42
285911 46 63
287604 48 53 65 41
289297 41 53
289505 55 43
289687 45 57
289896 43 55
290104 57 45
290364 46 58
290599 57 45
290833 58 46
291041 60 48
291250 62 50
291484 63 51
291718 50 62
291927 51 63
292161 65 53
292396 55 67
292604 65 53
292864 69 57
293203 65 53
293541 60 72
293984 53 65
294583 77 58 70 46 74 65
295000 65
295416 70 77 74
295833 65
296250 77 75 72 57 45 69 65
296666 65
297083 69 77 72
297500 65
297916 67 43 70 55 74
298333 67
298750 70 79 74
299166 67
299583 54 74 69 72 66
300208 72
300416 67 74 70 55
301250 66 72 54 74 69
301875 74 72
301979 72 75
302083 55 70 74 67
302916 41 72 69 53 77
303750 70 58 77 74 46
304583 69 76 73 45 57
305000 69
305416 76
305833 76
306250 77 62 50 69 74
306666 69
307083 77 74
307500 69
307916 63 51 67 70 75
308333 67
308750 79 75
309166 70
309583 70 77 46 58
310000 70
310833 70
311250 75 43 55 67 70 74
311562 74
311666 67
311875 70
312083 70 74
312500 62 67
312916 69 50 65
313151 65
313333 62
313750 74
314166 62
314583 74 70 55 43
314922 72
315000 67
315208 70
315416 70
315677 69
315833 74
316250 50 65 69
316666 62
317083 65
317500 69
317916 74 43 55 70
318333 70 67
318541 72
318750 70
318958 74
319166 70 74
319583 63 66 51 70
321250 74 70 41 53 63 67
321666 72
322083 72
322291 70
322500 70
322916 67
324166 69
324583 77 46 74 70 58
325000 70
325416 74
325833 77
326250 70 75 79
327083 79 70 75
327916 58 77 74 70 46
328333 70
328750 74
329166 77
329583 76 73 79
330416 73 76 79
331250 69 72 45 77 57
331666 69
332083 72
332500 77
332916 72 77 56 44 68
333333 79
333750 72 68 77
334166 79
334583 74 43 71 67 55
335000 67
335416 71
335833 74
336250 69 77 70 74
336666 75
337083 75
337500 74
337916 74 55 67 71 43
338463 71
338932 67
339479 65
340026 48 64
340494 76
342161 65 77
342942 65
343671 64 79 76
344453 64
345234 63 75 78
346979 72 74 77
349218 48
349270 60 64
349323 67 72
349401 76 79
358593 63 69 67 65 62 60 58 69 63
358802 65 62 60 58
358958 62 60 65 69 58 63 67
359062 62 63 69 58 65 60 67
359192 63 60 62 65 58
359244 58 62 65
359296 63
359375 63 59 65 58 62
359427 65
359505 63
