0 50 77
198 62 74
394 50
558 62 74
744 77
941 62 74
1115 50 69
1313 74
1499 77 41 53
1696 72
1882 69
2067 72
2254 77 53
2429 72
2614 69
2812 72
2998 57 76 45
3195 73
3381 69
3566 73
3753 76
3938 73
4135 69
4321 73
4485 76 57 45
4694 73
4880 69
5065 73 76
5252 69 76 45
5994 50 62 74
6204 45
6379 50
6576 45
6751 53
6936 50 53
7121 57 64 50 45
7319 50 57
7505 50 65 77 69
7703 45 65
7877 50
8074 45
8248 53 57
8435 50
8516 53
8632 45
8818 50
9004 50 69 72 41
9178 50 48 69
9213 41
9573 48 60 67 53
9759 57 48
9944 53
10130 57 53 69 48
10223 41
10316 53
10491 48 60 41
10677 48
10863 41
11071 48 53
11258 57 48
11443 53
11640 48
11827 53
11989 74 62 46
12198 53
12374 58 46
12559 53
12744 62 58 53
12942 58
13128 58 53 64
13314 58 62
13500 53 77 65 58 46
13696 53
13883 58 46
14068 53 58
14254 76 53 62 58
14430 58
14627 53 58
14813 58
14999 60 48 67 72
15184 67 55
15382 60
15579 55
15753 60 69 64
15939 60
16136 55
16312 48
16498 45 67 60 64 48
16694 52 67
16881 57
17066 52
17252 65 52 77 61
17438 57 65
17624 52
17820 57 45
18204 45
18368 50 77 65
18751 65 45
18937 45
18971 65
19123 77 65 50
19332 45
19506 69 50
19703 45
19877 69 50 57
20260 67
20621 65 40
20737 77
20854 45
21005 41
21190 48
21376 69 53
21574 69 53 48
21759 69 48 53 41
21933 69 48
22131 69 53
22306 69 48
22492 41 48 67
22689 48 67
22876 69 53
23061 69 48 53
23258 67 48 41
23444 67 48
23618 77 65 53
23653 41
23827 48
24013 46
24187 53
24375 65 58 46 53
24571 53
24757 53 65 58 46
24943 53
25129 53 65 58 46
25314 53
25501 53 46 69
25698 53
25871 58 46 69
26069 53
26256 58 72 67 53
26337 46
26418 69 53
26628 65 58 53 46
26813 65 58 53
27000 48
27185 55
27370 69 60 48
27544 69 55
27765 69 60 48 55
27952 55 69
28126 46 69
28324 55
28499 57 45
28684 52
28881 52 73 45 57
29067 52
29253 73 52 45
29451 52
29636 52 73 57 45
29821 52
29995 50
30193 45
30368 77 50 65
30566 45
30752 77 45
30844 65
30973 45 65
31124 77 65 40
31320 45
31507 69 41
31692 69 48 41
31878 53 69
32076 48
32251 48 67 41
32436 48
32623 77 53 65
32808 48
33006 46
33191 53
33377 53 70 58
33539 70 53
33760 70 58 46
33934 53
34132 70 58 46 53
34318 53
34505 60 67 48
34690 55
34876 67 60 48
35074 55
35259 55 72 60 48
35444 55
35631 60
35828 55
36014 73 45 69
36166 57 69 52
36375 57 52
36573 52
36746 52 76 57 45 73
36932 52
37130 57
37501 50 62 45 57
37617 77
37699 74 62 50 69
37768 57
37884 77
38070 62 57
38245 76
38431 73
38629 69
38873 62
39000 74 69
39581 74
39766 66 50
42346 50
45436 50 77
45644 74 62
45795 50
45831 69
46005 62 50 74
46191 77
46366 50 74 62
46563 50 62 69
46761 62 74 40
46935 77 41
47132 72
47330 69
47515 77 69 72 41
47701 77
47887 72
48073 41 72 69
48260 72
48434 76 45 57
48631 76 73
48817 69
49014 73
49200 75
49386 72 75
49583 68
49769 72
49943 74
50130 71
50316 68
50502 71
50699 73
50885 70
51082 70 67
51268 70
51454 66 74 50 62
51651 45
51826 50 45
52034 45
52105 62
52198 53
52384 53 50
52569 64 57 50 53
52686 45
52767 50
52953 65 50 45 69
53045 77
53138 45
53196 65
53325 50
53695 53 57
53893 50
53975 53
54080 45
54254 50
54452 50 69 72 41
54626 50 48 69
55009 48 60 67
55043 53
55194 57 48
55392 57
55578 53 48 57 69
55763 53
55950 48 60 41
56125 48 69
56299 41 53
56345 48
56508 60 53 48
56693 57
56880 53
57065 57 69 48
57275 53
57449 62 46
57634 53
57832 58
58007 53
58192 62 58 53
58379 58
58564 64 58 53 70
58761 58 62
58948 53 65 46 58
59086 77
59133 53
59318 58 46
59516 53
59702 76 53 62 58
59888 58
60063 53 58
60260 62 58 46
60446 67 72 60 48 53
60632 67 55
60830 60
61015 60 55
61201 69 60 64
61387 69 60
61573 67 55
61769 48
61956 67 45 60 64 48
62142 52 67 45
62316 57
62503 52
62700 65 52 77 61
62886 57 65
63071 52
63257 57 45
63652 45
63826 77 50 65
64385 45
64570 72 50
64756 77 45
64942 69 50
65186 45
65325 50 57
65708 77
65882 76 57 45
66069 75
66255 74 45
66453 41
66627 48
66812 69 53
67021 48 69 53
67195 48 68 53
67230 41
67392 48
67579 53 69 48
67649 76
67764 69 48
67940 67 48 41
68126 67 48
68323 67
68498 77 48 65 41
68706 53 48 75 41 63
68891 48 67 75
69078 65 77 53
69112 48
69275 48 53
69449 46
69635 53
69820 65 58 46 53
70008 53 65
70193 53 65 58 46
70391 53
70518 77
70577 72 53 58 46
70762 53 58
70948 53 46 69
71134 53 46
71319 69 46 58 53
71505 46 58 69 53
71691 79 58 46 72
71888 53 46
72064 77 53 58 46
72145 69
72261 65 53 58
72448 58 53 77 48 65
72644 55
72818 69 60 48
73016 70 55 48 60
73202 71 60 55 48
73376 60 55 72 48
73574 48 60
73689 69
73946 57 45
74132 52
74317 57 52 73 45
74515 52
74701 52 73 45
74886 52
75073 77 65 57 73 45
75269 52
75339 65
75467 46
75653 53
75827 70 53 58
76014 53
76200 53 72 46
76385 53
76571 53 74 46 58
76768 53
76954 48 76
77140 55
77326 60 55 48
77524 55
77698 77 48
77873 76 55
78070 73 60 48
78256 55
78453 76 57 45
78592 69
78639 73 52
78825 57
79010 64 76 57 52
79196 73 57 45
79393 73 52
79580 52 57 73
79765 76 52 57
79940 74 62 50 57
80324 73
80440 65
80567 61
80695 72
80823 65
80939 60
80998 50
81079 71
81194 64
81323 59
81450 50
82194 74
82229 78
83355 78 74 50
