0 55 47 52
1363 69 54
2045 71
2727 45 62 57 66
4090 47
4772 62
5113 64
5454 57 61 66
6818 55
7499 54
7840 57
8181 57 61 64 45
10909 55 64 67 52
11590 74
12272 71
12954 69
13636 43 57 66 62
14999 47
15681 62
16022 64
16363 57 61 66
17727 54
18409 69
18749 66
19090 45 57 61 64
21818 59 64 67 52
23181 69 54
23863 71
24545 66 62 43 57 74
25909 59
26590 62 78
26931 64 76
27272 69 61 57 73
28636 55
29318 74 66
29659 73
29999 69
32727 59 67 64
34090 71 66
34772 69
35454 57 74 69 78
36818 59
37499 74
37840 76
38181 69 73 78
39545 67
40227 66
40568 69
40909 61 57 64
