0 76 60 55 52
452 76 60 55 52
906 76 60 55 52
1359 76 55 52 60
1579 45 57 54 50
1662 78
2021 57 54 50
2474 57 54 50
2695 57 54 50
3147 54 57 50
3589 50 59 55 71
3625 79
4032 50 71 59 55
4484 59 55 50 71
4937 55 59 50 71
5158 55 52 59
5612 55 59 71 52
5809 55 74
6041 79 55 52 59
6273 52 55
6726 78 55 59 52
6935 76
6970 64
7179 79 64 60 55 52
7621 79 64 76 60 55 52
8063 60 55 76 52
8225 64
8515 55 60 52
8724 50 57 74 54
9189 54 57 71 50
9409 74
9619 79 57 54 50
9851 57 54 50
10293 78 57 54 50
10525 74
10595 62
10745 67 79 62 55 50 71
10839 59
11198 67 71 55 50 59
11641 67 55 50 71 59
12094 59 55 50 71
12325 71 55 52 59
12767 71 59 55 52
12988 55 74 79
13209 79 55 52 59
13440 52 59 55
13627 64
13894 78 55 59 52
14104 64 76
14336 79 60 55 52
14789 60 55 76 52
15230 60 55 76 52
15672 55 60 52
15893 50 74 57 54
16345 54 57 71 50
16566 74
16787 79 57 54 45 50
17031 45 57 54
17471 78 50 57 54
17682 74
17914 79 50 59 55 71
18356 67 50 71 59 55
18820 71 55 50 59
19261 55 50 71 59
19493 55 52 71
19924 55 52 59
20388 71 55 52 59
20609 71 55 52
21050 59 71 55 52
21502 55 60 52 71
21945 55 60 52
22398 60 55 52
22839 72 55 52 60
23060 50 69 57 54
23502 50 57 54
23956 50 57 54
24188 57 54
24629 57 69 50 54
24849 79 67
25082 59 69 50 55
25523 69 50 55 59
25744 55 67
25976 59 55 71 50
26418 62 50 55 59
26638 52 64 55
26732 59
27102 71 59 55 52
27323 71
27545 71 59 55 52
27766 71 59 55 52
27987 71
28218 59 71 55 52
28671 60 55 71 52
29113 60 55 52
29555 60 55 52
29996 72 60 55 52
30229 57 50 69 54
30682 50 57 54
31122 50 57 54
31355 57 54
31554 57 69
31797 54 57 69 50
32018 67
32249 59 69 50 55
32691 69 50 59 55
33144 59 55 50 69
33586 55 71 59 50
33807 52 64 55
33888 59
34260 59 55 52 64
34713 55 52 59
34933 55 52
34968 59
35386 55 59 52
35817 79 55 60 52
36269 55 60 52
36501 79
36734 76 60 55 52
37175 55 60 52
37395 50 78 45 57 54
37838 57 54 50
38280 78 57 54 50
38523 54 50 57
38639 78
38964 78 54 50 57
39407 67 55 50 59 71
39499 79
39848 67 50 55 71 59
40300 50 71 59 55
40568 79
40754 55 59 50 71
40974 78 55 52
41009 59
41299 64
41416 55 52 59
41881 55 52 59
42101 55 52
42137 59
42543 55 52 59
42984 60 79 55 52
43438 60 55 52
43891 60 55 52
44332 55 60 52
44552 50 78 57 54
45017 54 50 57
45447 78 54 50 57
45680 54 50 57
45808 78
46121 78 54 50 57
46574 67 55 71 59 50 79
47026 59 55 50 71
47469 71 55 50 59
47911 55 50 71 59
48131 78 55 52 59
48595 59 55 52
48863 78
49037 59 71 55 52
49269 71 55 52
49699 59 71 55 52
50164 60 55 52 71
50606 60 55 52
51058 60 55 52
51500 55 52 72 60
51721 50 57 54 69
52162 50 54 57
52615 54 50 57
52847 50 57 54
53288 50 54 57 69
53510 67 79
53731 69 50 59 55
53963 69
54184 69 55 50 59
54637 69 59 55 50
54857 69
55089 59 55 50 71
55299 64 52 55 59
55752 55 52 64 59
56205 55 52 59
56425 71 55 52 59
56658 71
56879 71 59 55 52
57099 71
57321 55 60 52 71
57762 55 60 52
58215 60 55 52
58656 72 55 60 52
58888 57 54 50 69
59331 57 54 50
59784 57 54 50
60016 57 54
60457 54 57 69 50
60677 67
60898 55 50 71 59
61118 69 50
61340 67 79 50 55 59
61572 67
61793 55 50 59
61921 79
62246 50 55 71 59
62467 50 69 52 55
62687 67 79
62931 79 67 55 52 59
63362 79 76 64 55 52 59
63583 79 76 64 55 52 59
63815 76
64035 79 76 64 55 52 59
64488 64 79 60 55 76 52
64941 55 60 52
65371 55 60 52
65824 55 60 52 71
66045 50 74 57 54
66498 50 54 57
66950 54 50 57
67171 57 54
67614 62 57 54 74 50
67695 78
67846 71
68066 50 74 71 79 59 55
68519 55 50 59
68577 79
68740 74 55 50
68961 79 74 55 50 59
69402 67 55 62 50
69472 59
69635 59 52 64 55
70076 59 71 55 52
70309 71
70530 71 55 52 59
70749 71 55 52
70982 71
71204 71 59 55 52
71424 71
71657 60 55 52 71
72097 60 55 52
72539 60 55 52
72992 72 55 60 52
73214 57 54 50 69
73655 57 54 50
74108 57 54 50
74329 57 54
74781 50 54 57 69
75013 67
75223 50 71 59 55
75444 50 69
75665 79 67 55 50 59
75897 67
76106 79 55 59 50
76349 55 67
76582 55 50 71 59
76802 50 52 69 55
77023 67 79
77233 55 67 79 59 52
77697 55 59 52
77918 55 59 52
78371 59 55 52
78580 76 64
78812 79 76 60 55 52 64
79255 79 55 76 60 52
79708 55 76 79 60 64 52
79929 55 74
80148 76 55 52 79 60
80381 54 57 50 74
80822 54 57 50
81055 57 69
81276 57 54 71 50
81496 57 54
81717 57 72
81949 54 57 50
82391 74 55 50 79 59
82437 71
82843 79 74 59 55 50 71
83286 74 79 55 50 59
83507 72
83727 74 79 55 50 59
83959 55 71 52
84412 55 52 71 59
84633 52 64
84854 66 59 55 52
85075 55 52
85295 55 67
85516 55 79 59 52
85981 79 76 64 60 52 55
86434 79 64 76 60 55 52
86874 55 76 79 64 60 52
87085 55 74
87306 76 64 55 52 60 79
87538 50 54 57 74
87990 54 50 57
88211 57 69
88443 57 54 50 71
88664 54 57 50
88885 72
89095 54 57 50
89326 72
89559 74 50 79 55
89640 59
89780 72
90000 74 50 62 79 55 59
90454 74 79 50 55 59
90673 72 50
90906 50 74 79 55 59
91127 52 55 71 59
91569 52 59 55
91790 52 64
92021 66 59 55 52
92242 55 52
92474 55 67 79
92695 52 59 55
92916 67 79
93126 76 79 64 60 55 52
93590 79 64 76 60 55 52
94032 76 79 64 60 55 52
94264 55 74
94485 79 76 64 55 60 52
94705 78 50 45 54 57
95147 78 54 50 57
95600 57 54 50 45 78
95833 57 54 50
96285 57 54 50
96494 74 57
96726 62 74 79 55 50 71 59
97157 74 71 79 55 50 59
97621 79 74 55 50 71 59
97842 71
98063 74 79 55 50 59
98295 55 52 71
98747 55 52 59
99190 55 52 59
99411 71 55 52
99632 71
99851 59 71 55 52
100084 71
100305 55 60 52 71
100758 55 60 52
101200 60 55 52
101641 72 60 55 52
101862 50 69 57 54
102326 50 57 54
102767 50 57 54
102989 54 57 50
103431 62 54 57 50
103663 62
103883 66 50 55 59
104092 78 66
104336 59 55 50 71
104789 50 55 59 71
105219 66 50 55 59
105451 79 55 52 67 59
105905 55 52 59
106358 55 52 67 59
106577 55 52
106613 59
107020 59 55 52
107473 67 60 55 52
107706 79
107914 67 79 60 55 52
108135 79 67
108367 79 67 60 55 52
108588 79 67
108820 79 60 55 52 67
109031 60 72 54 57 50
109483 72 57 54 50
109936 72 57 54 50
110157 72 54 57 50
110377 72
110609 72 54 50 57
110830 72
111051 59 71 55 50
111493 59 71 55 50
111725 71
111945 71 59 50 55
112177 71
112398 50 71 59 55
112619 67 55 79 52
113062 67 55 52 79 59
113502 67 55 52 79 59
113723 67 55 79
113770 59 52
114188 67 55 59 79 52
114409 67
114640 79 67 60 55 52
115071 67 52 60 55
115292 67
115536 79 67 60 55 52
115757 67 79
115976 67 60 55 52
116197 60 72 54 50 57
116650 72 54 50 57
117093 72 54 57 50
117325 72 54 57 50
117545 72
117766 72 54 57 50
117987 72
118208 59 71 55 50
118660 59 71 55 50
118882 71
119114 71 59 55 50
119335 71
119556 55 59 50 71
119775 55 67 79 52 59
120229 71 55 52 59
120461 71
120693 71 55 52 59
120904 71 55 52
121124 71
121357 71 59 55 52
121576 71
121797 60 55 52 71
122250 55 60 52
122691 55 60 52
123134 55 72 60 52
123355 50 57 69 54
123807 50 54 57
124260 54 50 57
124492 57 54
124713 69 57
124923 57 69 50 54
125143 67
125375 69 50 59 55
125829 69 50 59 55
126049 69
126282 55 50 71 59
126722 55 62 50
126944 64 52 55
127014 59
127397 64 59 55 52
127618 71
127850 71 59 55 52
128070 71 59 55 52
128291 71
128523 59 55 52 71
128744 71
128966 60 55 52 71
129407 60 55 52
129860 60 55 52
130301 72 55 60 52
130533 57 54 50 69
130975 50 57 54
131417 50 57 54
131649 57 54
132101 54 57 50 71
132322 79 67
132555 71 59 55 50
132754 69
132986 67 55 50 79 59
133206 67
133438 79 55 50 59
133659 67
133891 71 55 50 59
134112 55 52 71
134333 67 55 79
134564 79 55 52 67 59
134995 55 52 59
135042 79
135227 76 64 52 55
135448 76
135681 76 64 55 52 59
135900 76
136133 79 60 55 52 64 76
136574 55 60 52
137017 55 60 52
137469 55 60 52 71
137690 54 50 74 57
138143 54 50 57
138595 54 50 57
138806 57 54
139259 57 54 74 50
139340 78
139480 71
139699 74 79 59 55 50 71
140152 74 55 50 79 59
140385 74
140606 79 74 59 55 50
141048 64 55 50 71 59
141268 52 64 55
141338 59
141733 59 52 55
141954 71
142174 52 71 59 55
142407 71 59 55 52
142626 71
142837 59 55 52 71
143058 71
143301 60 55 52 71
143743 55 60 52
144184 55 60 52
144625 72 55 60 52
144847 57 54 50 69
145299 57 54 50
145752 57 54 50
145985 57 54
146425 54 57 50
146658 67
146868 71 59 55 50
147089 69
147321 50 67 55 79 59
147542 64
147762 67 55 50 79 59
147983 67
148215 79 69 55 71 50 64
148296 59
148447 67 55 79 52
148762 64
148879 55 67 79 52 59
149331 55 52 59
149551 55 52
149587 59
150016 55 59 52
150225 55 79 67
150457 64 79 76 60 52 55
150899 64 79 76 60 55 52
151341 76 79 60 64 55 52
151573 74
151793 76 79 55 60 52
152025 57 54 50 74
152479 57 54 50
152677 57 69
152910 57 54 50 71
153142 54 57 50
153362 72
153583 54 57 50
154036 74 55 50 79 71
154117 59
154488 74 55 50 71 59
154931 74 79 55 50 59
155151 72
155384 79 55 74 50 59
155605 71 59 52 55
156057 71 59 55 52
156266 64
156510 66 59 55 52
156732 55 52
156941 55 67
157126 79
157173 55 52 59
157614 76 79 64 60 55 52
157823 55 74
158067 76 79 64 60 55 52
158519 76 79 60 64 55 52
158730 55 74
158950 76 55 52 60 79
159183 54 57 50 74
159623 54 57 50
159856 57 69
160088 57 54 50 71
160309 57 54 50
160530 72
160751 54 57 50
160972 72
161192 74 55 50 59 79
161424 72
161657 79 74 55 50 59
162098 74 79 55 50 59
162318 72
162550 79 55 50 74 59
162761 55 52 71
163225 52 59 55
163435 52 64
163655 66 55 52 59
163899 55 52
164340 59 55 52
164783 79 64 76 60 55 52
165235 79 64 76 60 55 52
165676 79 76 60 55 64 52
165897 55 74 79
166118 76 64 79 55 52 60
166349 78 50 57 54
166792 78 50 57 54
167245 45 57 54 50 78
167466 57 54 50
167930 57 54 50
168150 71
168371 59 74 55 50 79 71
168802 74 71 62 55 50 59
169255 74 50 55 71 79
169336 59
169708 79 74 50 59 55
169940 59 52 55 71
170381 52 64 59 55
170823 55 66 59 52
171044 52 55
171276 71
171509 71 59 55 52
171730 71
171949 60 55 52 71
172402 60 55 52
172845 60 55 52
173286 72 55 52 60
173507 50 57 54 69
173960 57 54 50
174412 57 54 50
174634 57 54
174739 78
175075 78 66 54 57 50
175296 78 66
175516 50 55 71 66 59 78
175748 66
175969 50 71 59 55
176434 59 50 55 71
176865 66 50 55 59
177085 67 55 52 79
177538 55 52 59
178002 55 67 59 52
178223 55 59 52
178665 59 55 52
179107 79 67 55 60 52
179327 66
179560 67 60 55 52
179780 66
180000 67 60 55 52
180233 66
180443 67 55 60 52
180664 45 50 79 54 67 57
180884 54 78 66
181127 67 54 50 57
181348 66 54 78
181569 67 79 50 57 54
181801 67 54 57
182022 66 54 78
182242 67 54 57 50
182452 54 78 66
182685 67 59 50 55
182720 79
182906 78 66
183138 79 67 50 59 55
183370 78 66
183579 79 67 55 50 59
183811 78 66
184032 67 79 59 55 50
184252 67 79 52 55 59
184486 66
184695 79 67 55 52 59
184927 66
185147 79 67 55 52 59
185380 79 67 52 55 59
185600 66
185821 79 67 55 52 59
186065 66
186273 67 55 60 52
186495 66
186716 67 55 60 52
186948 66
187158 67 55 60 52
187390 66
187622 67 55 60 52
187842 57 50 67 54
188063 57 78 66
188295 67 57 50 54
188506 66 54 78
188726 67 79 57 50 54
188959 67 57 50 54
189167 54 66 78
189411 67 57 50 54
189632 54 78 66
189852 79 67 59 50 55 71
190085 78 66
190305 67 50 79 59 55
190526 78 66
190747 79 67 55 50 59
190980 78 66
191200 67 79 55 50 59
191421 67 79 55 52
191502 59
191654 78 66
191873 59 71 55 52
192083 55 74
192117 79
192315 79 55 52 59
192548 64 55 52 59
192990 78 59 52 55
193210 64 76 52
193442 79 60 55 52
193884 76 60 55 52
194338 60 55 76 52
194779 55 60 52
194999 50 74 54 57
195452 71 54 50 57
195672 74
195905 79 57 54 45
195986 50
196137 45 54 57
196218 50
196568 54 78 50 57
196789 74
197021 79 74 50 59 55 71
197473 67 50 71 59 55
197926 71 55 50 59
198357 55 50 59 71
198577 71 55 52 59
199031 59 71 55 52
199251 74
199484 79 55 52 59
199716 55 52
200157 78 59 55 52
200367 76 64
200599 79 64 60 55 52
201051 64 76 60 55 52
201505 55 60 52 76 64
201946 55 52 60
202166 62 50 45 74 57 54
202620 78 57 71 54 50
202841 74
203026 79
203062 54 57 50 45
203177 79
203294 54 50 57
203735 54 78 50 57
203956 74
204188 50 71 79 55 74 59
204631 67 55 50 71 59
205083 55 50 59 71
205164 79
205524 55 50 71 59
205757 59 71 55 52
206210 55 71 52 59
206408 55 74
206640 79 55 52 59
206872 55 52
207325 78 55 52 59
207546 52 79 67
207766 64 76 60 55 52 79
208219 79 76 64 60 55 52
208662 79 76 60 52 64 55
208870 74 79 55
209114 79 55 76 60 52
209335 57 50 74 54
209788 57 50 54
210009 57 69
210229 57 50 54 71
210450 57 54 50
210671 57 72
210904 54 57 50
211345 74 62 59 79 55 50 71
211797 79 74 55 50 71 59
212240 74 59 79 55 50
212461 72
212693 79 55 74 50 59
212914 71 55 52
213366 52 55 59
213587 52 64
213808 66 52 59 55
214051 55 52
214249 67 55 79
214470 55 52 59
214923 76 55 79 60 52 64
215144 55 74
215376 79 76 60 55 52
215840 76 79 60 55 52
216049 74
216271 76 55 60 79 52
216492 57 50 74 54
216944 57 54 50
217165 57 69
217397 54 57 50 71
217618 54 50 57
217839 72
218071 54 50 57
218281 72
218513 74 79 55 50 59
218734 72
218955 74 62 79 55 50 59
219408 74 79 59 55 50
219627 72
219860 79 55 74 50 59
220081 71 59 55 52
220523 59 71 55 52
220744 64
220975 66 59 55 52
221208 55 52
221649 59 55 52
222102 79 76 64 60 55 52
222544 79 64 76 60 55 52
222997 55 76 79 64 60 52
223207 55 74
223439 64 79 55 60 76 52
223659 78 54 57 50
224112 78 54 57 50
224555 57 54 50 78 45
224775 57 54
225227 54 57 50
225460 71
225681 79 74 71 55 50 59
226123 79 74 50 55 71 59
226564 79 74 50 71 55 59
227017 74 79 55 50 59 71
227249 55 52 71 59
227690 64 55 52
227760 59
228133 66 59 52 55
228365 59 52
228399 55
228586 71 59
228818 71 59 55 52
229038 71
229259 55 60 52 71
229712 55 60 52
230143 55 60 52
230595 72 60 55 52
230827 54 50 57 69
231269 54 50 57
231721 57 54 50
231954 57 54
232396 66 57 54 50 78
232617 57 66
232838 50 71 55 59 78
233069 66
233290 59 55 50 71
233743 59 55 71 50
234186 66 55 50 59
234406 79 55 67 52
234847 52 59 55
235312 55 52 59
235544 55 52
235579 59
235985 59 55 52
236427 71 55 60 52
238205 72 54 57 50
238356 69
240005 55 59 71 50
241806 67 55 79 59 52
242747 79
243594 55 71 60 52
245384 54 72 50 57
245582 69
247173 71 50 55 59
248962 67 55 79 59 52
249938 79
250751 71 55 60 52
252541 54 72 50 57
252761 69
254330 71 55 59 50
256119 67 55 79 59 52
257060 79
258094 64 59 52
