0 49
250 56
500 63
750 59
1000 64
1250 59
1500 63
1750 56
2000 49
2250 56
2500 63
2750 59
3000 64
3250 59
3500 63
3750 56
4000 48
4250 55
4500 62
4750 59
5000 64
5250 59
5500 62
5750 55
6000 48
6250 55
6500 62
6750 59
7000 64
7250 59
7500 62
7750 55
8000 49
8250 56
8500 63
8750 59
9000 64
9250 59
9500 63
9750 56
10000 49
10250 56
10500 63
10750 59
11000 64
11250 59
11500 63
11750 56
12000 48
12250 55
12500 62
12750 59
13000 64
13250 59
13500 62
13750 55
14000 48
14250 55
14500 62
14750 59
15000 64
15250 59
15500 62
15750 55
16000 49
16250 56
16500 63
16750 59
17000 64
17250 59
17500 63
17750 56
18000 49
18250 56
18500 63
18750 59
19000 64
19250 59
19500 63
19750 56
20000 48
20250 55
20500 62
20750 59
21000 64
21250 59
21500 62
21750 55
22000 48
22250 55
22500 62
22750 59
23000 64
23250 59
23500 62
23750 55
24000 49
24250 56
24500 63
24750 59
25000 64
25250 59
25500 63
25750 56
26000 49
26250 56
26500 63
26750 59
27000 64
27250 59
27500 63
27750 56
28000 48
28250 55
28500 62
28750 59
29000 64
29250 59
29500 62
29750 55
30000 48
30250 55
30500 62
30750 59
31000 64
31250 59
31500 62
31750 55
32000 52
32250 59
32500 62
32750 67
33000 62
33250 59
33500 52
33750 59
34000 52
34250 59
34500 62
34750 67
35000 62
35250 59
35500 52
35750 59
36000 54
36250 58
36500 59
36750 66
37000 59
37250 58
37500 54
37750 58
38000 54
38250 58
38500 59
38750 66
39000 59
39250 58
39500 54
39750 58
40000 52
40250 59
40500 62
40750 67
41000 62
41250 59
41500 52
41750 59
42000 52
42250 59
42500 62
42750 67
43000 62
43250 59
43500 52
43750 59
44000 54
44250 58
44500 59
44750 66
45000 59
45250 58
45500 54
45750 58
46000 54
46250 58
46500 59
46750 66
47000 59
47250 58
47500 54
47750 58
48000 53
48250 57
48500 59
48750 65
49000 59
49250 57
49500 53
49750 57
50000 53
50250 57
50500 60
50750 64
51000 60
51250 57
51500 53
51750 57
52000 52
52250 59
52500 59
52750 64
53000 59
53250 59
53500 52
53750 59
54000 40
54250 59
54500 59
54750 64
55000 59
55250 59
55500 52
55750 59
56000 53
56250 57
56500 60
56750 64
57000 60
57250 57
57500 53
57750 57
58000 52
58250 55
58500 62
58750 64
59000 62
59250 55
59500 52
59750 55
60000 48
60250 52
60500 55
60750 62
61000 67
61250 62
61500 55
61750 52
62000 67 62 55 50 47 43
64000 40
64125 47
64250 52
64375 55
64500 64 59
64625 59
64750 55
64875 52 47
65000 40
65125 47
65250 52
65375 55
65500 64 59
65625 55
65750 52
65875 47
66000 47
66125 54
66250 55
66375 62
66500 69
66625 62
66750 55
66875 54
67000 47
67125 54
67250 55
67375 62
67500 69
67625 62
67750 55
67875 54
68000 50
68125 57
68250 62
68375 67
68500 66
68625 62
68750 57
68875 50
69000 50
69125 57
69250 62
69375 67
69500 66
69625 62
69750 57
69875 50
70000 45
70125 55
70250 60
70375 62
70500 64
70625 62
70750 60
70875 55
71000 45
71125 55
71250 60
71375 62
71500 64
71625 62
71750 60
71875 55
72000 40
72125 47
72250 52
72375 55
72500 64 59
72625 59
72750 55
72875 52 47
73000 40
73125 47
73250 52
73375 55
73500 64 59
73625 55
73750 52
73875 47
74000 47
74125 54
74250 55
74375 62
74500 69
74625 62
74750 55
74875 54
75000 47
75125 54
75250 55
75375 62
75500 69
75625 62
75750 55
75875 54
76000 50
76125 57
76250 62
76375 67
76500 66
76625 62
76750 57
76875 50
77000 50
77125 57
77250 62
77375 67
77500 66
77625 62
77750 57
77875 50
78000 45
78125 55
78250 60
78375 62
78500 45
78625 57
78750 62
78875 64
79000 45
79125 60
79250 64
79375 67
79500 45
79625 59
79750 64
79875 66
