4600 68 65
5343 77 68
5995 77
7376 77 58 73
7645 73
8515 68
9038 77
9351 69 66
9909 75 69 72
10421 77 73
10606 66
11024 75 72
11349 69
11711 66
12477 69
13546 68 65 77
14069 73 70
14579 75 72 70
15148 73 70
15427 73
15881 68
16101 58 70 77
16403 68
17019 73
17764 70
18019 73
18541 63 66
19017 72 68
19529 73 70
19726 66
20156 72 68
20783 66
21608 68
21922 66
22177 68
22515 61 63 66
23199 70
23653 72 70
24037 70
24407 75 70
24779 70
25140 63 60 68 66
25500 60 70
25883 68
26232 70 63 58 61
26639 70 66 58 63
27091 68
27638 66
27673 70
28289 61
28346 58
28846 70
29182 53 63 65 57 75 60 77
30298 61 65 68 58 56
30971 65 68
31414 70 66 61
31820 65
31937 70
32180 70
32540 77 65 70
32645 58
32889 63 61 54 58
33271 65
33424 63
33632 63
33795 65
34027 44 53 68 56
34131 58
34341 70
34457 61
34909 56 63 53
35492 61
36072 70 58
37221 72 44 66 60 54 56 63 51
37455 56
37792 68
38024 44
38187 63 44 51 56
38686 63
39080 63
39243 44
39801 53 56
40150 49
40313 68 65 56 53
40974 68 77 56
41405 68
41463 44
41649 63
41997 77
42252 68
42856 56
42995 77
43252 73 77
43530 73
44019 77
44877 54 42 49
45599 61 75 54 42 58 66 70 49
46156 77
46782 75
47107 75 58 42
48398 54
49468 53 41
49514 49
50059 61 56 49
50292 53
50373 68
50558 63 68 56
51256 65 73 61 68 49
51466 53
52441 53
53068 73
53313 65 77 61 73 56
53498 41
53974 41
54055 49
54091 65
54625 68
54776 49
54903 54 42
54973 49
55659 54 42 66 58 49
56158 70
56275 77
56878 75
57158 54
57565 58
57716 54
57924 75
58795 73 54
58923 42
60550 63 44
61131 53 61 59 68 44
61433 63
61630 63 59
62374 65 61 70 59
62431 63
63420 68
64117 44
64151 53
65337 77 65
65476 53 68
66149 46
66324 46
67138 70 46 63 53 75 58
67289 70
67765 77
67880 63
68299 70
68426 75
68484 63
68809 58
70065 61 73
70796 53
71889 61
72121 70
74432 77 70 66
74502 46
75189 58
76117 70
76558 75 63 70 66
76698 51
77209 75 63 51 70 66
77663 75 70 63 66
78046 54 70 66 63 61 73
78429 61 70 66
78766 73 61 70 66
79127 70 66 60
79509 72 70 78 54 66
79556 60
79940 60 72 54 66 70
80114 60
80462 73 70 61 66
81125 70 61 66 58
82298 46
82646 46
83692 46 77 70 66
84691 58
85528 70 58 78 66 75
85678 70
86143 46 58 77 70 66
86596 75 70 63 66
86758 51
86980 58 77 70 66
87294 75 70 63 66
87630 73 70 66 61
87955 78 70 66 63
88304 61 70 66 63
88722 72 60 70 66 63
89222 73 61 66 70
89896 66 63
90000 58
90117 70
90905 51
90965 44
91859 78 66 54
92370 68 60 56
92812 72 68 60
93230 66 61 58 54 70
93718 54 78 70 66
93857 61
94415 45
94821 52
95333 78 54 60
95763 66 60 54 78 72 63 75
96122 66 60 54 63 75
96494 66 60 54 63
96948 56 60 68 63
97540 78 54 66 63 60
98516 66
98771 46
98946 53
99527 46 54 66 58
99573 42 61
99736 54 66
100049 68 56
100247 66
100491 73 66 61
100618 46
100921 46 54 70 58 61 66
101432 66 54
101629 61
101769 46
102907 54 66 63 58
103268 66 54 70 63
103326 58
103616 70 66 54 78 63 58
104011 78 63 66 70 58 54
104511 65 68 56 63 60
105057 78 66 54 63 58 70
105266 54
105301 68
106450 49
107078 66 49 54 61 70 58
107577 68 56
107787 49
108042 75 68 56 63
108170 49
108495 70 78 61 66 54
108727 63
109007 70
109100 58
109402 66
109703 63 58
109890 51
109959 70
110574 61 58 66
110725 51
110947 70 61 58 66
111283 70 78 66 61 58
111644 78 70 61 66 58
112062 63 68 60
112166 58
112503 54 66 70 78 61
112619 58
113003 73 66 58 61 70
113596 58 75 51 66 63 70
113642 78
113908 58
114072 65
114188 68
114269 73
114373 77
114443 73 68
114582 73
114920 65
116186 77
116697 64
116872 68
116930 70
117012 73
117093 70 76
117174 68
117301 64 70
118416 63
118625 68
118789 70 73
118881 75
118987 68
119183 70 73
120031 68
120869 56
121101 68
121170 63
121356 66
121402 44
121565 68 72
121821 56 68
122122 75
122459 66
122633 68
124341 68
125144 68 49 56 65
125480 63
125562 44
125677 49
125852 53
126002 56
126142 61 49
126281 53
126340 41
126432 48
126583 53
126724 56
126851 60
126979 65
127153 63 71 44 68
127316 52
127478 56
127582 44 59
127733 52 76 73
127815 64
127896 40 68
128094 65 68 49
128279 63 44
128396 56
128593 53
128745 56
128884 61
129013 53 41
129187 48
129326 53
129476 56
129755 65
129918 71 68 44
130080 52
130231 68 56
130394 44 59
130556 68
130720 64
130755 40
130988 73 65
131184 63
131254 44
131370 49
131464 44 53
131638 44 75 68 56 63
131776 49 61
131951 68 65 77 53 61 49
132125 68 56
132252 65
132403 61
132543 56
132672 53
132846 73 61 56 53
132997 49
133148 49
133322 56
133392 44
133462 77 49
133670 56
133798 44 51 56
133983 46
134123 77 51
134263 58 55
134425 73
134529 58
134565 51
134717 73 58 67 55
134856 63
135019 65 70
135181 67 55
135331 73 61 51
135495 58
135541 46
135680 61 46 67
135854 46
136028 51
136156 58 51 46 55
136353 51
136540 46
136784 58 70 51
136854 44 63
137144 66 54 51
137295 58
137446 60
137725 42
137876 49
138026 54
138177 58
138236 66
138317 61
138456 66
138597 53 72
138701 41
138771 48
138922 53
139073 56
139213 77 68 56
139247 60 48
139398 65
139607 63 70
139653 44
139827 51
139967 66 54
140106 58
140269 60
140536 54 42
140688 49
140850 54
140990 58 54
141141 61
141280 66
141419 41 54 72
141570 53
141605 48
141768 53
141930 56
142104 77 68 56 48
142139 53
142314 60 65
142570 78
142755 46
142942 51
143069 58 54
143220 58 46 54
143325 66
143359 51 63
143522 66
143940 65 70 77
144091 66
144207 58
144312 54 62 70
144440 66 46
144615 51
144673 63 70 75
144812 66
144905 70
144951 58
145068 62 70
145230 66
145474 70
145613 78 66
145741 70
145845 63
145984 66
146240 70
146368 78 66
146496 70
146648 56 60 70
146811 64
146973 68 56
147147 72
147321 76 64
147519 68
147739 77 49
147948 56
148099 61
148226 65
148354 68
148588 56 53
148750 60
148867 65 56
149005 68
149145 72
149250 77
149400 59
149458 56
149551 64
149679 56 68
149783 71 59
149934 76 68
150237 49 77
150399 56
150528 61 49
150668 65
150761 68 56 49
150912 61
151027 53
151108 56
151178 60 49
151469 68
151619 60 72
151794 77 68
152083 68 56 59
152304 64 56
152432 68
152526 59 71
152654 68
152758 64
152874 73 61 59
153014 76 64
153165 68
153257 73 71 59
153386 61
153594 76 61 68 64
153745 68
153826 71
153931 59 76
154256 64 68
154291 73
154383 71
154489 73
154571 76 64 68
154815 64
155036 69
155151 73
155255 68
155476 69
155581 66
155708 69
155825 73
155918 78 69
156150 69
156254 66
156394 69
156476 73
156580 78 66
156627 73
156918 78 66 64
157056 69
157184 73
157289 69 78 66
157324 73
157475 69
157602 66 63
157719 69
157823 73
157950 78 66 73
158182 69
158288 61
158322 64
158462 69
158614 61 73
158742 76 64
159287 59 78
159462 63
159531 66
159705 66
159844 73 59
159961 69
160065 57
160193 61
160320 64
160437 66 61
160542 69 73
160693 69 57
160855 56
161018 61
161169 64
161320 69
161494 76 61
161692 69
161900 54
162098 61
162249 64
162517 69 61
162796 64
162947 66 78
163063 76
163202 69 78 66 73 54
163353 69
163480 66
163655 64
163794 66
164073 61
164224 66 61 78 57
164434 42
164550 54 76
164608 42
164713 49
164852 52
165003 54
165143 57 69 54
165432 71 49 52 68 64
165572 61
165746 57
165850 66 54
166013 52
166164 49
166292 54 42
166362 57
166478 49 42
166618 63 54
166920 49 64 42 54
167082 49
167256 49 63 44 54
167419 51
167500 66
167581 63 44 51
167872 56 44
168023 51
168197 58
168337 66
168489 44 63
168779 61 56
168825 44
168965 63
169104 63 44 66 60
169267 63 51
169487 44
169730 70 51 63 66 44
169905 51
170125 61 54 66 63
170206 44
170452 44
170509 66
170603 51
170742 56 44 63
171055 58
171323 56
171474 51
171624 56 61
171764 51 63
171926 44 51 60 66
172240 63 44
172369 63 51
172543 63 44 70
172578 66
172671 51 44 63
172868 44 61
172984 63
173054 58
173217 44 63 58 72 77 68 56 61
173368 63 51
173542 70 63 66 51
173576 56 44
173680 70
173831 56 44 61 66
173948 70 51
174133 56 44 58
174284 56 63
174414 56 61
174553 68 51
174716 58 56 66 68
174867 63 51
175017 60 56 44 51
175319 56 63
175412 44
175644 66 61 70
175714 44
175761 51
175830 58
176004 63 77 56 68
176108 44
176294 63 66 51 56 44
176447 63
176574 70 51 63 66 56
176759 51
176899 56 58
177050 63
177178 68 56 61
177341 51 63
177492 58 68 66 56
177666 51
177817 72 56 60
178165 56 63 51
178352 68 63 51
178503 70
178630 75 66 54 61
178851 63
178991 75 66 54 63
179142 70
179280 56 66
179443 63
179594 58 63
179768 56 63
179907 54
179954 66
180070 70 58
180209 54 61 66 70
180362 63
180524 60 66 78
180675 63
180826 66
180966 70
181117 70 63 60
181302 63
181580 63 61 75 70 66 54
181778 63
181905 78 66
182080 70 61
182219 66 63 70 54 56
182372 63
182511 58
182580 68
182673 56 63
182778 70
182824 54 66
182975 70
183092 54 61 63 70 66
183300 63
183509 63 66 78 70 60
183672 63
183823 66
183974 70
184124 70
184289 75 63
184509 70 75 66
184695 70
184857 70 73
184997 78 75
185136 66 78 75
185264 70
185392 66 78
185542 70
185693 73
185809 75
185949 66 78 75 70
186193 66
186333 70
186472 73 70
186542 78
186600 75
186728 78 75
186867 70 78
186995 66
187134 69
187286 73
187424 75
187564 66 75 78 69
187738 69
187877 73
187947 66
188063 69
188261 73
188413 75
188598 78 66
189040 66 75
189167 78
189248 69
189480 73
189724 75
190015 66 78
190166 69
190329 69
190817 65 77
191049 68
191247 72
191444 77 65
192816 68
193430 77
194034 77
194558 65
195464 68
195870 77 65
196079 69
196290 69 72
196487 75
196730 65
197032 69
198833 77 65
200378 77 65
200611 68
200796 70
200994 73
201168 77 65
201772 46 73
202073 68
202458 77
202992 70
203073 77
203190 65
203247 68
203409 70
204630 63
204874 66
205083 68
205303 72 68
205350 63
205524 68 66 75 63
205792 78 66
206420 78
206883 68
207580 63
207754 68
208395 66
209056 68
209334 61
209614 63
209799 63 78 66
209997 70
210172 73 61
210370 78 75
210578 66 70 78
210706 73
211020 75
211542 72 60
211577 63
211704 68
211740 72 65 77 60 63
212170 63
212402 65
212589 68
212716 63
213076 48 60
213297 66 54 48
213505 66 78 58 75
213715 48 60
213936 58 63 77
214203 66
214482 66 75 78 63 70 58
214645 63
214877 58
215259 58
215376 66
216271 77 53 63 60 69
216840 41
217572 68 56
217850 58
218036 77 58 61 73
218212 65
218386 68 75 56 78
218559 75 70
218792 77 61 73 70
219128 78
219198 70 73
219604 70 77
219837 54
219953 61
219988 73 75 54 63 58 66
220221 70
220407 77
220523 70
220639 63
220825 75 70
221290 72 53
221522 56
221696 73 61 53 70
221730 56
221834 58
221904 61
222138 65 68 56 75 53 58 72
222405 56 68
222753 68 73 61 70
223484 58
223856 58
224705 68
224914 66 72 68 54 60 63 51
225112 60
225936 63 51 56 44
226448 63
226854 49
227609 56 53
228098 68
228191 49
228493 56
228701 59 77 68
229793 77
230456 77
230886 77 73
231733 68
232188 77
232721 54 42 49
233429 54 42 75 66 58 49
233965 70
234046 77 66 58
234696 75
234813 70
235358 58
236369 54
237449 56 44 63
237984 59 68 53 61
238112 56
238472 63 59
238808 44
239239 59 61 65 68
240018 65
240481 73
240632 65
241446 77 73 65 61
241620 68
242898 46
243711 46 65 75 63 53 70
243827 58
244339 77 65
245013 75
245058 63
245175 70
245814 70
246778 58
247080 61 73
247707 53
248080 46
248614 46
248661 61
249114 41 53
249694 56 61
250194 63
250252 68
250902 58 68 61 70 65
252112 68
252286 61
252611 56 68 61 65
254737 58 61 66
255258 68
255956 73 66 51 70
256247 73
256804 58
257094 66
257816 73 63 51 66 61 70
259314 44 56 63
259825 70 63 60 66
260127 51
260452 60 72
260511 56
260719 44
261323 77 68 72
261940 51
263344 56 66 68 60
263565 56
265169 63 44
265424 49
265540 53
265702 56
265843 49
265982 53 41
266145 48
266296 53
266354 60
266447 56
266574 60 48
266725 65 53
267039 63 44
267190 49
267352 53
267503 56
267631 61
267761 53 41
267923 48 41
268062 53
268097 60
268213 56
268352 48 60
268526 65 68
268700 63 56 68 71 44
268932 52
269049 56
269212 59
269339 68
269408 64
269618 66
269851 73 56 68
269921 64
270037 52
270072 40
270943 49
271198 56 49
271361 61
271512 65
271663 56 68
271803 61
271930 53
272081 60
272232 65
272372 68
272523 72 60
272639 77
272790 49
272941 56
273092 61
273254 65
273394 68 56 49
273672 53 68
273813 60
273952 65
274115 68
274277 72 60
274417 77
274661 56
274880 59
274939 68
275055 64
275264 56 68
275450 71
275672 76
277216 56
277518 68 59
277704 64 76
277925 56 68
278146 71 68 59
278378 64 76 56
279168 64
279434 76
279691 56 44 63
280353 56
281166 63 44
281247 49
281432 49
281643 53
281864 44 56
282096 61
282304 65 68
282572 68
282827 73
283071 65 77
283419 68
283816 73
283908 53
284256 61
284407 68
284523 73
284604 77
284674 61
284918 68 73 61
285301 77
286556 77 49 44
286626 53 73
286987 53
287242 77
287672 53
288486 53
288717 63
288996 44
289613 63
290089 56
290820 56
290948 44
291563 61
291680 44
292911 44
293027 53
293190 63 56 44 53
295408 76 69 66 59 47
295712 74
295863 61
296014 69 76
296431 73 62
296478 66
296559 69
297151 69
297942 71
298314 68 52 62 71
298662 73
298975 69 66 61 54
299801 63 66 57 47
301287 68
302054 66 47 40 62
302113 56
302461 68
302600 64 76
303076 66
303378 47 78 71 66 74 56 62
304598 68
304842 74
304958 68
305575 76 64
306097 66
306492 66 45 52 61 57
307003 64 52
307724 45 64 73 69 61 57 52
308316 45
309769 64
309803 61
310117 69
310489 78
310918 76 69 66 59
