0 49
1428 48
1787 55
2207 60
2532 55
2857 64
3193 55
3577 60
3891 55 48
4228 48 55
4588 55
4936 60
5285 55
5656 67 55
6017 55
6412 64 60
6830 60
7236 48
7585 55
7945 60
8283 55
8631 64
8979 55
9351 60
9432 48
9710 55
10060 48 55
10164 64
10432 55
10780 60
11140 55
11511 55 60 67
11907 55
12290 60
13091 67 48
13813 65 55
14195 52
14520 48 60 55 64
14892 52
15264 55
15624 60
15974 53 59 62
16321 64 55
16705 59
17041 62
17077 55
17215 59
17425 60
17471 52
17750 55
18145 72 60 55
18784 48
18935 67 48
19377 52
19690 65 55
20051 52 55
20400 64 52 60
20527 48
20817 52
21131 55
21456 60
21549 48
21829 53 62 59
22165 64
22212 55
22537 59
22896 62 55
23070 59
23280 60 52
23628 55
23850 48
24013 48
24733 69 53
25092 69 57
25440 60 67 57 53
25534 48 41
25802 57
25860 48
26151 65 57 60 53
26533 57
26905 60
27647 52 67
27975 72 55
28345 55 67 60
28706 55 60
29054 45 64 41 57
29799 62 59 43
30530 67 48
30878 52
31238 55
31597 60 65 55
31959 64 50
32295 54 45
32667 60 57
32726 45
33096 50 45
33399 60 43
33771 53
34131 57
34491 60
34595 43
34665 41
34875 62 59 43 53
35640 59
35688 55
36408 67 48
36757 52
37128 65 55
37453 52
37814 60 64 52
38545 55
38906 60
38987 48
39265 62 53 59
39626 64 55
39963 59
40324 62
40497 59
40694 60 52
41020 55
41055 72
41427 72 60 55
41974 48
42136 48 67
42507 52
42867 65 55
43204 52
43576 72 60 48 52 55 64
43960 52
44308 55
44657 60
45039 53 62 59
45377 64 55
45737 59
46086 62 55
46249 59
46468 60 52
46817 55
47061 48
47212 48 55
47921 41 69
48293 48
48641 57
48676 67
49384 65
49734 48
50082 57
50431 60 48
50802 40
50907 71
51162 47
51510 55 69
52162 67 55
52533 47
52916 55
53264 60 47 55
53603 60 72 67 45
53962 52
54311 72 60
54647 71 52
55031 69 66 50 57 60
56111 64
56181 45
56471 62 60 67
56576 43
56843 50
57203 53
57576 50
57680 41
57761 43
57912 43 59 50
58272 50
58632 53 69
58981 71 59
59201 41
59352 41 67 53 72 62
59690 48
60061 60 53 65 41 57
60375 48
60746 48 65 53 41
61107 48
61455 57
61805 64
62164 60 48 67 40
62501 48
62861 55
63232 48
63535 72 40 67 48
63884 48
64243 55 60
64581 62
64674 43
64952 40 62 59
65010 43
65301 50
65650 53
65986 50 62
66080 59
66346 67 43
66694 50
67043 53
67391 65 53
67753 53 60 65
68089 43
68426 64 52
68751 43
69484 43
69774 52 69
70122 71
70470 53 41 60 72 67
70842 48
71190 53 57 65 41
71505 48
71865 60 65 48 53 41
72213 48
72574 57
72899 64
73258 62 67
73399 43
73585 43
73967 52
74292 43
74653 60
75372 60
75420 48
75710 62
75757 43
76070 64 40
76210 52
76395 47
76790 50
77104 65
77138 47
77534 59 64 56 40
77639 50
77720 52
78255 50 62
78951 55 60
79322 52
79649 57
79997 57 52
80404 45
80647 55
80926 43
81100 69 52 43
81415 71
81763 72 60 41 67
82111 48
82251 72
82471 57
82796 65 41 48
83156 60 65 53 41
83494 48
83842 57 64
84539 64 62 67
84702 43
84876 43
85259 52
85574 43
85957 60
86154 52
86618 60
86955 62
87316 64 59 40
87665 47
87920 59
88047 55
88372 65 47
88744 47 64 40
89081 47
89431 59 62 55
89686 43
89930 41
89977 48
90104 57 62
90801 60
91568 57
91846 72
91882 60
91997 57
92230 77
92555 79 60
92904 41
93613 41
94321 65
94426 72 77
94472 53 48
94565 65
95994 41
96795 67 60 48 52
97505 65
97597 52
98190 64
99561 59 62 50 53
99886 64
100258 62 50
100629 62
100687 55
100989 60 48 52
101374 55
102349 41 48
102500 57 48
102558 55
103581 65
103651 55
103755 53
103802 43
103964 59 64 50
104010 43
104707 59
105439 60
105788 43
106136 52
106472 62
106844 64 52
106903 55
107182 60
107531 55 62
107890 55
107971 43
108239 52
108309 43
108599 55
108935 60
109274 62
109332 43
109621 64 62 52
110365 67 62 48
110515 43
110713 43
111422 43
111770 52
112108 62
112467 64 52
112816 60
113165 62
113212 43 55
113526 55
113653 52 43
113874 52
113932 48
114199 55
114570 60
114907 62 43
115268 64
116000 62 67 55 48
116174 43
116359 43
116801 79
117196 55
117510 77
117557 53
117846 55
118241 76 55 52
118277 48
118950 55
119647 55 74 53 48
119984 76 55
120344 59 55 74
120669 71 59 55
121017 52 72
121356 60 55
121715 60 55 67
122064 43
122308 48
122459 48 52
122807 55
123157 43 55 77 53
123482 60 55
123864 76 60 55 52
124550 48 55 52
124746 60
125270 55 53 48 74
125607 55 76
125967 55 59 74
126141 40
126304 71 55 59
126513 48
126664 52 72 60 55 48
127385 52 55
128105 53 60
128418 57 41
128790 79 60 55 57
129256 41
129476 77 55
129522 53
129836 57
129929 60
130184 57 53 60
130544 53
130614 41
130892 60 79 52
131218 62
131579 60 79 62
131915 60 72 55
132032 52
132310 76 53 57
133019 74 59 55
133728 79 60 48
133786 52
134077 55
134402 60 48 77 55
134750 52
135111 57 76 54 50
135819 60 72
136574 74 55 62 43
136608 65
136899 60 72
137249 74 55
137562 76
137899 77 65 55 59
138246 79
138909 55
139235 65 46 44 56
139571 62
139908 60
140233 58 46
140570 56 58 46
140895 55
141221 56
141535 56 53
141894 46
142092 55
142672 55
143219 79 46
143556 46
143893 55
144230 46
144566 46 65 62
144928 67
145218 63 56
145543 65
145589 50
145717 62
146216 58 46
146541 55
146878 46
147216 63 58 67
147553 46
147913 55 46 62 58 65 68
148272 46
148575 63 67 46
148912 46
149156 63
149261 55
149609 46
149922 58 46 62 65
150259 67 50
150595 56 65
150922 50 62
151259 70 51
151607 68 46
151956 67 63 55
152118 68
152281 63
152629 72 44
152979 51
153304 60
153640 70 51 63
154001 68 51 44
154232 56
154674 60 70 51 63
155371 70 63
155441 43
155696 63 75 51
156044 70 58
156358 51 63
156718 60 44 58 67 51
157405 62 46 65 53
158078 70 46
158426 46
158577 63
158763 55
159089 46
159437 53 41
159797 48
160111 57 67
160447 63
160832 58
160879 46
161145 53
161215 41
161505 68
161552 56
161668 70
161842 72 53
162143 41 46 74
162492 53 75 46
162574 41
162830 77 46 53 62 56
163155 79
163504 75 70
163561 51
163840 46
164212 55
164549 46 68
164583 63
164886 63 67 46
164956 55
165224 70 46
165536 55 63
165908 46
166233 58 62 65 46
166546 50 67
166896 65 56
167221 62 50
167558 63
167883 46 58
168219 55
168568 46
169208 58 70 63 46
169556 55
169881 58 68 63 46
170230 58 67
170519 46 70
170846 55 63
171206 46
171519 58 65 62 46
171693 67
171880 46 58 65
171914 50
172216 56
172553 62 50
172867 58
173204 58 46
173541 55 63
173866 70
174250 70
174307 44
174575 51
174889 70 60
175214 51
175562 68 44
175911 51
176236 60
176561 44 63
176922 62 65 43
177224 50
177561 72 62 65 58
177746 50
177897 50
178234 70 50 65 58 62
178304 43
178582 50
178909 58
179222 63
179570 75 63 67 72
179872 43
180011 63
180209 51
180545 74 70 65 43
180871 53 63 41 72 69
181185 48
181557 57
181905 67
182242 46 63 70 68
182567 53
182905 46 68 56
183207 70 46 53
183555 72 53 46 62
183892 70
184229 62 72 53
184542 74 62
184880 75 70 63 44 68
185229 51
185565 68 60
185902 51
186215 63 44 68 60
186552 51 63
186866 60
187191 60 67
187540 70 65 53
187679 58
187865 55
188179 58
188527 55
188888 63
189120 53
189561 63
189631 53 58
189886 58 55 67
190246 56 63 46
190583 53
190897 56
191200 46 65 53
191547 58 70 62 46
191838 53
192199 62 46
192535 58 46 65 68
192872 46 58 68 65
193244 46
193535 67 58 63 55 46
193894 46
194219 46
194568 46
194847 55 72
195196 74 55 46
195533 63 70 75 44 68
195846 51
196043 68
196206 60 68
196531 51
196858 63 44 60 68
197194 51
197554 60
197891 67
198251 65 58
198309 43
198554 51
198890 51 63
199122 55
199215 51
199587 43
199901 51
200261 63 51
200564 65
200691 63
200772 43
200912 60 67 65
200993 43
201330 50
201574 63 53
201910 68
202015 50
202282 62 43 59 67
202991 74 67 55 47 43 62
203700 63 72 75
204025 70 43 62
204374 62 51
204700 67 60 43
204781 48
205071 48 67 60
205245 51
205803 60 72 63 55
205837 46
206128 75
206487 79 70 67 44
206814 51
207139 77 60 65 68
207487 75 63 68 44 51
207801 58
208149 51
208499 67 44
208824 70
209195 67
209532 46
209880 46 65 62 55
209950 43
210240 46
210578 63 67
210950 46
211297 55
211634 46 58 70
211855 43
212029 74 46 43 65
212471 50
212645 62
212739 58
213052 72 63
213133 50
213319 43
213412 70 62
213505 43
213749 50
214097 46 65 74 58
214749 44
214795 74 65
214900 44
215155 51
215480 56
215805 56 75 51 58
216177 63
216211 75 60 68
217222 63 51
217687 60
217942 68
218372 68
218977 75 68
219093 70
219139 75 51
219929 44
220289 58
220534 70
220836 58
220964 75
221765 51
221800 62 70
222171 55
222532 60 55 53
222567 68
223287 51 63
223321 58 67
224786 56 65 51
225145 67 58
225517 65 58 56
225889 53 62
226295 63 51
226703 58
227156 55
228096 62 70
228131 44
228515 51
228933 56 44
229339 60 68 56
229862 63 56 44 67 46
231070 65 62 46 53
232907 62
233417 75 63 70 51
233870 55
234241 55 77 58 68
234637 51 63 58
234986 79 67
235044 50
235369 55
235776 55 70 58
236112 50 62
236519 77 48 70 65
236891 55 60 79 48
237309 63 77 55 67
237762 55 74
238110 41
238238 48 41 51
238320 63 57
238390 67
238449 75
239017 67
239180 57
242084 70 44 63 58 56 46
243060 60 68
243408 56
244233 58 67 62 46
245825 65
246172 62
246219 58
247103 62
248834 75 67 63 51
249344 55
249763 58 51
250145 58 55
250531 63 55
250751 58
250925 51 58
251366 58 55 67
251784 58
251842 51
252204 63 58 67 65 51
252610 55
253028 58 51
253445 58 55
253945 63 51
255037 58 55 51
256617 63 51
256676 58
256711 75
256757 63 55
256874 79
262566 49
