0 52
250 59
500 71 64
750 66
1250 79
1500 67
1750 71
2000 48
2250 55
2500 71 60
2750 62
3250 78
3500 64
3750 69
4000 50
4250 57
4500 69 62
4750 64
5250 78
5500 66
5750 69
6000 69 74 45
6250 52
6500 57
6750 59
7000 69 72 60
7250 64
7500 72 69
7750 71
8000 52 78
8250 79 59
8500 71 64
8750 78 66
9250 79
9500 67
9750 71
10000 79 48
10250 78 55
10500 71 60
10750 79 62
11250 78
11500 64
11750 69
12000 76 50
12250 78 57
12500 69 62
12750 76 64
13250 78
13500 66
13750 69
14000 69 74 45
14500 52
15000 73 69
15375 64 69
15500 73
15750 45 57
16000 47 54 40
16250 55
16500 47 52
16750 54
17000 47
17250 55
17500 47 40
17750 47 52
18000 47 55
18250 45 54
18500 43 52
18750 43 55
19500 43
19750 43
20000 45 52
20250 45 54
20500 50
20750 52
21250 43 55
21500 42 45
21750 40 52
22000 50
22250 40
22500 45
22750 57 48
23000 60 52
23250 64 57
23500 67 59
23750 57 69 60
24000 59 40
24250 59 67
24500 64
24750 59 66
25000 59
25500 62 40 67
25750 62 64
26000 67
26250 59 66
26500 64
26750 67
27250 66
27500 55
27750 55 64
28000 57 69 64
28250 59 66
28500 62
28750 64
29250 57 69 66
29500 55 67
29750 52 64
30000 62
31000 61 45 52
32500 47 40
32750 47 43
33000 47
33250 50 40
33500 43
33750 52 47
34250 50
34500 40
34750 47 43
35000 48
35250 50
35500 40
35750 50 43
36250 50
36750 48 42
37000 45
37250 47
37500 42
37750 48 45
38000 47 45
38250 48
38500 47
38750 64 59
39000 69 60
39125 72
39250 74
39375 76
39500 57
39625 72
39750 76 74
40000 47 52 55
40500 47 59
40750 47 59
41000 45 57
41250 43 55
41750 45 57
42000 45 50 54
42500 47 59
42750 47 59
43000 45 57
43500 43 55
44000 40 49 45
44500 40 52
45000 69
46000 76
47625 45
47750 49 47
48000 66 57
48500 45 57
48750 45 57
49000 50
49250 50 62 57
49750 50 57 62
50250 45 57
50750 45 57
51000 50
51250 52 64 57
51750 52 60 64
52500 52 64
52750 50 62
53000 52 64
53250 52 64
53750 50 62
54000 52 64
54250 54 66
54750 55 67
55250 54 66
55750 54 57 66
56500 45 57
56750 45 57
57000 50
57250 50 62 57
57750 50 57 62
58500 45 57
58750 45 57
59000 50
59250 52 57 64
59750 52 64 60
60250 55 60
60375 62
60500 72 67
60625 74
60750 79 72
60875 74
61000 72 79
61125 74
61250 74 79
61375 72
61500 74 79
61625 72
61750 74 79
61875 72
62000 62
62125 60
62250 55
62375 48
62500 55 50
63000 48 64 55 60
63500 60 67
63750 62 74
64000 64 60 79
64250 66 64
64500 60
64750 79 67 72
65000 60
65250 67
65500 67 60
65625 72
65750 74 67
66000 79 60
66125 72
66250 74 67
66500 60 79
66750 79 67
67250 52 64
67500 54 66
67750 55 67
68000 71 74
68250 79
68500 74 71
68750 79
69000 71 74
69250 50 79
69500 50 71 74
69750 57 79
70000 74
70250 78
70500 74
70750 78
71000 74
71250 78
71500 55 74
71750 78
72000 52 71 79
72250 52 76
72500 52 79 71
72750 76
73000 52 71 79
73250 54 76
73500 79 71
73750 55 76
74000 72 79
74250 76
74500 79 72
74750 76
75000 72 79
75250 52 76
75500 54 79 72
75750 55 76
76000 71 74
76250 79
76500 74 71
76750 79
77000 71 74
77250 50 79
77500 59 71 74
77750 57 79
78000 74
78250 78
78500 74
78750 78
79000 74
79250 78
79500 55 74
79750 57 78
80000 59 79
80250 76
80500 59 71 79
80750 60 76
81000 79 71
81250 59 76
81500 57 71 79
81750 57 76
82000 55 79 72
82250 76
82500 79 72
82750 76
83000 79 72
83250 76
83500 79 72
83750 76
83875 62
84000 62 74 67 43
84750 59 43 62 71 50
85500 57 69 62
87000 55 67 60
87500 55 62 67
88000 62 64 74
88750 59 71 55
89000 59
89250 64
89500 67 55
90000 64
90750 43
91000 48
91250 52
91500 67 55
91750 55 67 60
92000 54 66
92750 50 62 47
93500 50 62
94250 41
94500 46
94750 48
95000 50
95750 43 55
96000 48 60
96500 48 60
96750 47 59
97000 48 60
97250 47 59
97500 48 60
97750 48 60
98000 47 59
98250 43 55
98750 62
99000 67 72
99250 62
99500 67 72
99750 67 71
100000 43
100250 50
100500 55
100750 59
101000 71 62
101250 74
101500 79
102250 45
102500 50
102750 74 54
103000 57
103250 79
103500 78
103750 79
104000 40
104250 43 55
104500 47 52
104750 47 59
105000 47 52
105250 47 59
105500 52
105750 47 59
106250 43 55
106500 43 52
107000 52 43
107500 43 55
108000 50 62
108500 50 45 62
108750 48 60
109000 54 45
109250 47 59
109500 45 54
109750 45 57
110500 45 52
111000 45 52
111500 43 55 45
111750 45 57
112000 47 59
112500 47 52
112750 47 59
113000 47
113250 50 62
113500 47
113750 52 59 64
114250 50 62
114500 54 45
115000 45 54
115500 50 45 54
116000 55 67
116500 55 67
116750 54 66 45
117250 52 64
117500 45 52
117750 52 64
118000 45 52
118750 61 52 57
119500 57 61 64
119750 52
120000 66 57
120500 45 57
120750 45 57
121000 45 50
121250 50 62 57
121750 50 57 62
122250 45 57
122750 45 57
123000 45 50
123250 50 54 62
123750 52 64
124500 50 62
124750 52 64
125000 48
125250 50 62
125750 52 64
126250 54 66
126750 55 67
127250 54 69
127750 50 62
128500 45
128750 45
129000 45
129250 50 62
129750 50 62
130250 45 57
130750 50 57 62
131000 50
131250 45 57
131500 52 57 64
132000 55 64
132500 43
133000 43
133250 54 57
133500 43
133750 55 60
134250 55
134375 60
134500 67 48
134625 60
134750 67
134875 72
135000 67 48
135125 72
135250 79
135375 72
135500 79 48
135625 72
135750 72 79
136000 79
136125 72
136250 79
136375 72
136500 79 52
136625 72
136750 79
136875 72
137000 52 67
137250 52 64
137500 54 52 66
137750 55 67 62
138000 43
138500 47 55
139000 50 59
139250 50 62
139500 50 62
139750 57 69
140500 50 42
141000 45 54
141500 55 67
141750 54 66
142000 52
142250 52 64
142500 52 43
143000 52 64 47
143250 54 66
143750 55 67
144250 57 69 43
144500 55 67 48
144750 52
145000 55
145250 52 64
145500 54 66
145750 55 67
146000 43
146500 47 55
147000 59 50
147250 50 62
147500 59 71
147750 59 71
148000 57 69
148500 50 42
149000 45 54
149500 55 67
149750 57 69
150000 59
150500 59 43
150750 60 72
151000 47
151250 59 71
151750 57 69
152000 55 67
152250 43
152500 48
152750 50
153000 52
153250 55
153500 67 60
153625 69
153750 62 72
153875 62
154000 62 43 74
154750 59 55 71 43
155500 57 69
157000 55 60 48
157500 55 62 50
158000 62 52 64 40
158250 47
158500 52
158750 59 71 55
159000 59
159250 64
159500 55 67 60
160750 43
161000 48
161250 52
161500 55 67
161750 55 67 60
162000 54 66
162750 50 62 54 47
163500 50 58 46
164250 41
164500 46
164750 48
165000 62 50
165500 62
166000 60
166250 65 41
166500 67 43
166750 65 41
167000 70 46
167250 69 45
167500 67 43
167750 65 41
168000 63
168250 65 41
168500 67 43
168750 64 40
169000 65 41
169250 67 43
169500 46
169750 47
170125 77
170250 79
170375 77
170500 43
170750 79
170875 77
171000 75 52
171125 77
171250 79
171375 76
171500 77 60
171625 79
172000 72 52
172125 77
172250 79
172375 77
172500 43
172750 79
172875 77
173000 75
173125 77
173250 43 79
173375 76
173500 77
173625 79
173750 52
173875 71
174000 72
174500 60 48
174750 47 59 48
175000 48
175250 60 48
175500 48
175750 50 48 62
176000 48
176250 52 48 64
176500 48
176750 53 48 65
177000 48
177250 55 67 48
177500 48
177750 58 70 48
178000 48
178250 57 69 48
178500 48
178750 55 67 48
179000 48
179250 53 48 65
179500 48
179750 55 48 67
180000 45
180500 46
181000 47
181500 48
181750 43
182500 60 48
182750 47 59 48
183000 48
183250 60 48
183500 48
183750 50 62 48
184000 48
184250 52 64 48
184500 48
184750 53 65 48
185000 48
185250 55 48 67
185500 48
185750 58 70 48
186000 48
186250 57 69 48
186500 48
186750 55 67 48
187000 48
187250 53 65 48
187500 48
187750 58 70 48
188250 57 69
188500 55 67
188750 57 69
189000 55 67
189750 43
190500 62 50
190750 49 61 50
191000 50
191250 50 62
191500 50
191750 52 64 50
192000 50
192250 54 50 66
192500 50
192750 55 67 50
193000 50
193250 57 69 50
193500 50
193750 60 50 72
194000 50
194250 59 71 50
194500 50
194750 57 69 50
195000 50
195250 55 67 50
195500 50
195750 57 50 69
196500 70
196750 71
197000 72
197250 73
197500 74 45
197750 75
198000 52 76
198500 59 71
198750 59 71
199250 59 71
199750 59 71
200000 48
200250 55 67
200750 55 67
201750 55 67
202000 57 50 69
202500 55 67 50
202750 57 69
203000 50
203250 59 71
203500 50
203750 60 72
204000 45 57
204500 59 45
205000 60 45
205500 64 45
206000 54 66
206250 54 69
206500 74 54
206750 54 78
207000 74
207250 79
207375 74
207500 60
207750 60
208000 60
208250 59 43
208375 47
208500 50
208625 43
208750 47
208875 50
209000 55
209125 50
209250 50
209375 50
209500 50 55
209625 50
209750 57 43 69
210375 42
210500 45
210750 42
210875 45
211000 50
211125 45
211250 52
211375 45
211500 57
211625 45
211750 55
212000 52
212250 52 40
212375 43
212500 52 47
212625 40
212750 43
212875 47
213000 52
213125 47
213250 54
213375 47
213500 52
213625 47
213750 55 40
214250 57
214375 40
214500 55 43
214750 40
214875 43
215000 48
215125 43
215250 50
215375 43
215500 52 48
215625 43
215750 54
216000 55
216250 43
216375 47
216500 50
216625 43
216750 47
216875 50
217000 55
217125 50
217250 50 57
217375 50
217500 59 55
217625 50
217750 59 43 47
218000 57
218375 42
218500 45
218750 42
218875 45
219000 50
219125 45
219250 52
219375 45
219500 55
219625 45
219750 42
220000 59 71
220250 40
220375 43
220500 59 71 47
220625 40
220750 43
220875 47
221000 60 72
221125 47
221375 47
221500 59
221625 47
221750 57 40
222000 57
222250 55
222375 40
222500 43
222750 40
222875 43
223000 48
223125 43
223250 50
223375 43
223500 48
223625 43
223750 40
224000 62 43 74
224750 59 71 43 50 55 62
225500 57 69 62
227000 60 45
227250 47
227500 62 48
227750 50
228000 62 40 74
228250 47
228500 52
228750 59 55 71
229000 59
229500 60
229750 59
230250 57 59
230500 55 60
231000 43 48 55
232000 55 67
232750 43
233000 48
233250 51
233500 55 59
233750 55 60
234000 54 62
234750 50 59 67 47
235500 50 62 74
237625 75
237750 77 76
237875 78
238000 79
238250 79
239000 77
239125 74 72
239250 67 69
239375 65
239500 60 62
239625 57
239750 55
240000 48 43
240500 48
240750 47
241000 48
241250 47
241500 48
241750 48
242000 47
242250 43
