0 60 69
312 60 69
625 60 69
937 60 69
1250 60 69
1562 60 69
1875 60 69
2187 60 69
2500 60 69
2812 60 69
3125 60 69
3437 59 67
3750 59 67
4062 59 67
4375 59 67
4687 59 67
5000 60 69
5312 60 69
5625 60 69
5937 60 69
6250 60 69
6562 60 69
6875 60 69
7187 60 69
7500 60 69
7812 60 69
8125 60 69
8437 59 67
8750 59 67
9062 59 67
9375 59 67
9687 59 67
10000 60 69
10312 60 69
10625 60 69
10937 60 69
11250 60 69
11562 60 69
11875 60 69
12187 60 69
12500 60 69
12812 60 69
13125 60 69
13437 59 67
13750 59 67
14062 59 67
14375 59 67
14687 59 67
15000 60 69
15312 60 69
15625 60 69
15937 60 69
16250 60 69
16562 60 69
16875 60 69
17187 60 69
17500 60 69
17812 60 69
18125 60 69
18437 59 67
18750 59 67
19062 59 67
19375 59 67
19687 59 67
20000 60 69
20312 60 69
20625 60 69
20937 60 69
21250 60 69
21562 60 69
21875 60 69
22187 60 69
22500 60 69
22812 60 69
23125 60 69
23437 59 67
23750 59 67
24062 59 67
24375 59 67
24687 59 67
25000 60 69
25312 60 69
25625 60 69
25937 60 69
26250 60 69
26562 60 69
26875 60 69
27187 60 69
27500 60 69
27812 60 69
28125 60 69
28437 59 67
28750 59 67
29062 59 67
29375 59 67
29687 59 67
30000 60 69
30312 60 69
30625 60 69
30937 60 69
31250 60 69
31562 60 69
31875 60 69
32187 60 69
32500 60 69
32812 60 69
33125 60 69
33437 59 67
33750 59 67
34062 59 67
34375 59 67
34687 59 67
35000 60 69
35312 60 69
35625 60 69
35937 60 69
36250 60 69
36562 60 69
36875 60 69
37187 60 69
37500 60 69
37812 60 69
38125 60 69
38437 59 67
38750 59 67
39062 59 67
39375 59 67
39687 59 67
40000 60 69
40312 60 69
40625 60 69
40937 60 69
41250 60 69
41562 60 69
41875 60 69
42187 60 69
42500 60 69
42812 60 69
43125 60 69
43437 59 67
43750 59 67
44062 59 67
44375 59 67
44687 59 67
45000 60 69
45312 60 69
45625 60 69
45937 60 69
46250 60 69
46562 60 69
46875 60 69
47187 60 69
47500 60 69
47812 60 69
48125 60 69
48437 59 67
48750 59 67
49062 59 67
49375 59 67
49687 59 67
50000 60 69
50312 60 69
50625 60 69
50937 60 69
51250 60 69
51562 60 69
51875 60 69
52187 60 69
52500 60 69
52812 60 69
53125 60 69
53437 59 67
53750 59 67
54062 59 67
54375 59 67
54687 59 67
55000 60 69
55312 60 69
55625 60 69
55937 60 69
56250 60 69
56562 60 69
56875 60 69
57187 60 69
57500 60 69
57812 60 69
58125 60 69
58437 59 67
58750 59 67
59062 59 67
59375 59 67
59687 59 67
60000 60 69
60312 60 69
60625 60 69
60937 60 69
61250 60 69
61562 60 69
61875 60 69
62187 60 69
62500 60 69
62812 60 69
63125 60 69
63437 59 67
63750 59 67
64062 59 67
64375 59 67
64687 59 67
65000 60 69
65312 60 69
65625 60 69
65937 60 69
66250 60 69
66562 60 69
66875 60 69
67187 60 69
67500 60 69
67812 60 69
68125 60 69
68437 59 67
68750 59 67
69062 59 67
69375 59 67
69687 59 67
70000 60 69
70312 60 69
70625 60 69
70937 60 69
71250 60 69
71562 60 69
71875 60 69
72187 60 69
72500 60 69
72812 60 69
73125 60 69
73437 59 67
73750 59 67
74062 59 67
74375 59 67
74687 59 67
75000 60 69
75312 60 69
75625 60 69
75937 60 69
76250 60 69
76562 60 69
76875 60 69
77187 60 69
77500 60 69
77812 60 69
78125 60 69
78437 59 67
78750 59 67
79062 59 67
79375 59 67
79687 59 67
80000 60 69
80312 60 69
80625 60 69
80937 60 69
81250 60 69
81562 60 69
81875 60 69
82187 60 69
82500 60 69
82812 60 69
83125 60 69
83437 59 67
83750 59 67
84062 59 67
84375 59 67
84687 59 67
85000 60 69
85312 60 69
85625 60 69
85937 60 69
86250 60 69
86562 60 69
86875 60 69
87187 60 69
87500 60 69
87812 60 69
88125 60 69
88437 59 67
88750 59 67
89062 59 67
89375 59 67
89687 67 59
