0 66
100 61
200 57
300 54
400 57
500 61
600 66
700 61
800 57
900 54
1000 57
1100 61
1200 66
1300 61
1400 57
1500 54
1600 65
1700 62
1800 59
1900 56
2000 53
2100 56
2200 59
2300 62
2400 64
2500 61
2600 58
2700 55
2800 52
2900 55
3000 58
3100 61
3200 62
3300 59
3400 54
3500 50
3600 54
3700 59
3800 62
3900 59
4000 54
4100 50
4200 54
4300 59
4400 62
4500 59
4600 54
4700 50
4800 60
4900 56
5000 54
5100 51
5200 48
5300 51
5400 54
5500 56
5600 61
5700 57
5800 54
5900 49
6000 54
6100 57
6200 61
6300 57
6400 54
6500 49
6600 54
6700 57
6800 61
6900 57
7000 54
7100 49
7200 60
7300 57
7400 54
7500 51
7600 48
7700 51
7800 54
7900 57
8000 59
8100 56
8200 53
8300 50
8400 47
8500 50
8600 53
8700 56
8800 57
8900 54
9000 50
9100 45
9200 50
9300 54
9400 57
9500 54
9600 50
9700 45
9800 50
9900 54
10000 57
10100 54
10200 50
10300 45
10400 40
10500 47
10600 52
10700 56
10800 59
10900 59
11000 68
11100 71
11200 69
11300 64
11400 60
11500 57
11600 60
11700 64
11800 69
11900 64
12000 60
12100 57
12200 60
12300 64
12400 69
12500 64
12600 60
12700 57
12800 68
12900 65
13000 62
13100 59
13200 56
13300 59
13400 62
13500 65
13600 67
13700 64
13800 61
13900 58
14000 55
14100 58
14200 61
14300 64
14400 65
14500 62
14600 57
14700 53
14800 57
14900 62
15000 65
15100 62
15200 57
15300 53
15400 57
15500 62
15600 65
15700 62
15800 57
15900 53
16000 63
16100 59
16200 57
16300 54
16400 66
16500 63
16600 59
16700 57
16800 64
16900 60
17000 57
17100 52
17200 57
17300 60
17400 64
17500 60
17600 57
17700 52
17800 57
17900 60
18000 64
18100 60
18200 57
18300 52
18400 63
18500 60
18600 57
18700 54
18800 51
18900 54
19000 57
19100 60
19200 62
19300 59
19400 56
19500 53
19600 50
19700 53
19800 56
19900 59
20000 60
20100 57
20200 53
20300 48
20400 53
20500 57
20600 60
20700 57
20800 53
20900 48
21000 53
21100 57
21200 60
21300 57
21400 53
21500 48
21600 62
21700 59
21800 55
21900 50
22000 67
22100 62
22200 59
22300 55
22400 68
22500 63
22600 59
22700 56
22800 59
22900 63
23000 68
23100 63
23200 59
23300 56
23400 59
23500 63
23600 68
23700 63
23800 59
23900 56
24000 67
24100 64
24200 61
24300 58
24400 55
24500 58
24600 61
24700 64
24800 66
24900 63
25000 60
25100 57
25200 54
25300 57
25400 60
25500 63
25600 64
25700 61
25800 56
25900 52
26000 56
26100 61
26200 64
26300 61
26400 56
26500 52
26600 56
26700 61
26800 64
26900 61
27000 56
27100 52
27200 62
27300 58
27400 56
27500 53
27600 65
27700 62
27800 58
27900 56
28000 63
28100 59
28200 56
28300 51
28400 56
28500 59
28600 63
28700 59
28800 56
28900 51
29000 56
29100 59
29200 63
29300 59
29400 56
29500 51
29600 62
29700 59
29800 56
29900 53
30000 50
30100 53
30200 56
30300 59
30400 61
30500 58
30600 55
30700 52
30800 49
30900 52
31000 55
31100 58
31200 59
31300 56
31400 52
31500 47
31600 52
31700 56
31800 59
31900 56
32000 52
32100 47
32200 52
32300 56
32400 59
32500 56
32600 52
32700 47
32800 46
32900 47
33000 48
33100 49
33200 50
33300 51
33400 52
33500 53
33600 54
34000 42
