800 72
1600 72
1866 69
2000 71
2266 67
2400 69
2666 64
2800 67
3200 69
3333 67
3466 64
3600 62
3700 64
3800 67
3900 69
4000 72
4100 71
4200 69
4300 67
4400 71
4500 69
4600 67
4700 64
4800 67
4900 69
5000 67
5100 64
5200 62
5266 67
5333 64
5400 62
5466 67
5533 64
5600 62
5666 62
5733 60
5866 57
6000 55
6266 57
6400 60
6500 62
6600 64
6666 63
6733 62
6800 60
6866 57
6933 55
7000 57
7100 59
7200 52
7300 57
7400 55
7500 52
7600 50
7700 48
7800 52
7900 50
8000 48
8100 45
8200 43
8300 48
8400 45
8500 43
8600 40
8700 45
8800 43
8900 40
9600 60
10900 41
11066 50
11233 57
11400 43
11525 52
11650 59
11775 60
11900 62
12025 64
12150 62
12275 65
12337 67
12650 65
12775 64
12900 48
13066 57
13233 64
13400 50
13566 57
13733 65
13900 52
14066 60
14233 67
14400 53
14566 60
14733 69
14900 55
15025 62
15150 71
15275 72
15675 72
15775 71
15875 72
15975 67
16075 72
16175 62
16275 72
16375 60
16475 72
16575 65
16675 72
16775 69
16875 72
16975 71
17075 72
17175 67
17275 72
17375 62
17475 72
17575 60
17675 72
17775 65
17875 72
17975 69
18075 72
18175 71
18275 72
18375 67
18475 72
18575 65
18675 72
18775 69
18875 72
18975 71
19075 72
19175 67
19275 72
19375 65
19475 72
19575 69
19675 72
19775 71
19875 74
19975 72
20075 71
20175 72
20275 76
20375 74
20475 72
20575 71
20641 74
20708 72
20775 71
20841 67
20908 65
20975 69
21041 67
21108 65
21175 62
21241 60
21308 64
21375 62
21441 60
21508 57
21575 55
21641 64
21708 62
21775 60
21825 57
21875 55
21925 64
21975 62
22025 60
22075 57
22125 55
22175 48
23641 48
23775 60
23997 55
24108 48
24330 48
24441 60
24663 57
24774 48
24997 48
25108 60
25330 59
25441 48
25663 48
25774 60
25997 57
26108 48
26330 48
26441 60
26663 55
26774 48
26997 48
27108 60
27330 57
27441 48
27663 48
27774 60
27997 59
28108 48
28330 48
28441 60
28663 57
28774 48
28997 48
29108 60
29330 55
29441 48
29663 48
29774 60
29997 57
30108 48
30330 48
30441 60
30663 59
30774 48
30997 48
31108 60
31330 57
31441 48
31663 48
31774 60
31997 55
32108 48
32330 48
32441 60
33108 55
33663 60
34108 64
34441 67 60 48
35663 53
35774 55
35997 60
36108 64
36330 67
37108 65 60 53
38108 65
38441 62
38997 60
39663 48
39774 60
39997 55
40108 48
40330 48
40441 60
40663 57
40774 48
40997 48
41108 60
41330 59
41441 48
41663 48
41774 60
42441 60
42663 55
42886 41
43108 60
43663 43
43774 60
44330 43
44441 62
45108 67 60 48
45997 55
46108 60
46330 64
46441 67
46663 69
46774 71
46997 79
47774 53
47997 60
48108 62
48330 67
48663 69
49108 62
49663 60
50330 48
50441 60
50663 55
50774 48
50997 48
51108 60
51330 57
51441 48
51663 48
51774 60
51997 59
52108 48
52330 48
52441 60
53108 53 48 41
54441 55 50 43
55330 57
55441 55
55663 57
55774 65
55997 57
56108 62
56330 65
56441 64
56663 55
56774 60
56997 64
57108 62
57330 55
57441 59
57663 62
57774 55
57997 59
58108 60
58330 62
58441 64
58663 55
58774 60
58997 64
59108 62
59330 55
59441 59
59774 60
59997 59
60108 57
60330 55
60441 52
61108 65
61330 57
61441 62
61663 65
61774 64
61997 55
62108 60
62330 64
62441 62
62663 55
62774 59
62997 62
63108 67
63330 55
63441 59
63663 62
63774 64
63997 55
64108 60
64330 64
64441 62
64663 55
64774 59
65108 60
65330 59
65441 57
65774 67
66441 65
66663 57
66774 62
66997 65
67108 64
67330 55
67441 60
67663 64
67774 62
67997 55
68108 59
68330 62
68441 55
68663 59
68774 60
68997 62
69108 64
69330 55
69441 60
69663 64
69774 62
69997 55
70108 59
70441 60
70663 59
70774 57
70997 55
71108 52
71663 50
71774 65
71997 57
72108 62
72330 65
72441 64
72663 55
72774 60
72997 64
73108 62
73330 55
73441 59
73663 62
73774 67
73997 55
74108 59
74330 62
74441 64
74663 55
74774 60
74997 64
75108 62
75330 55
75441 59
75774 60
75997 59
76108 57
76330 52
76441 50
76663 50
76774 55
76997 59
77108 60
77330 55
77441 48
77663 48
77774 60
77997 57
78108 48
78330 48
78441 60
78663 59
78774 48
78997 48
79108 60
79774 71
80330 74
80663 55
80774 69
81274 67
81358 65
81441 62
82108 64
82219 62
82330 60
82441 55
82997 48
83108 60
83330 57
83441 48
83663 48
83774 60
83997 59
84108 48
84330 48
84441 60
84997 55
85108 62
85330 67
85441 71
85663 72
86441 55
86997 60
87441 64
87774 67 60 48
88663 55
88997 60
89108 64
89330 67
89441 69
89663 71
89774 67
90441 53
90774 60
90997 67
91330 69
91663 60
91774 62
92330 60
92997 48
93108 60
93330 55
93441 48
93774 60
93997 57
94108 48
94330 48
94441 60
94663 59
94774 48
94997 60
95330 57
95441 60
95663 64
95774 67
95997 65
96108 55
96330 65
96441 64
96663 60
96774 57
96997 55
97108 60
97663 57
97774 55
97997 60
98108 69
98330 71
98774 69
98997 67
99330 69
99441 71
99663 74
99997 71
100108 69
100330 67
100663 69
100774 72
101108 74
101663 70
102330 64
102441 62
102997 60
103663 48
103774 60
103997 55
104108 48
104330 48
104441 60
104663 57
104774 48
104997 48
105108 60
105330 59
105441 48
105663 48
105774 60
106441 65 60 53
107774 55 50 43
108663 57
108774 55
108997 57
109108 65
109330 57
109441 62
109663 65
109774 64
109997 55
110108 60
110330 64
110441 62
110663 55
110774 59
110997 62
111108 55
111330 59
111441 60
111663 62
111774 64
111997 55
112108 60
112330 64
112441 62
112663 55
112774 59
113108 60
113330 59
113441 57
113663 55
113774 52
114330 50
114441 65
114663 57
114774 62
114997 65
115108 64
115330 55
115441 60
115663 64
115774 62
115997 55
116108 59
116330 62
116441 67
116663 55
116774 59
116997 62
117108 55
117330 62
117441 67
117663 71
117774 72
118108 52
118219 55
118330 57
118441 60
118552 64
118663 67
118774 69
118886 72
118997 76
119108 69
119774 65
119997 57
120108 62
120330 65
120441 64
120663 55
120774 60
120997 64
121108 62
121330 55
121441 59
121663 62
121774 55
121997 59
122108 60
122330 62
122441 64
122663 55
122774 60
122997 64
123108 62
123330 55
123441 59
123774 60
123997 59
124108 57
124330 55
124441 52
124997 50
125108 65
125330 57
125441 62
125663 65
125774 64
125997 55
126108 60
126330 64
126441 62
126663 55
126774 59
126997 62
127108 67
127330 55
127441 59
127663 62
127774 64
127997 55
128108 60
128330 64
128441 62
128663 55
128774 59
129108 60
129330 59
129441 57
129663 52
129774 50
129997 50
130108 55
130330 59
130441 60 48 55
130774 60
130997 53
131441 60
131663 53
131774 55
131997 48
132108 60
132330 53
132663 48
132774 53
133108 60 48 55
133441 60
133663 53
134108 60
134330 53
134441 55
134663 48
134774 60
134997 53
135441 53
135774 71
135885 74
135997 69
136108 67
136219 64
136330 62
136441 67
136552 67
136663 64
136774 62
136885 59
136997 64
137108 62
137219 59
137330 57
137441 55
137552 52
137663 59
137774 57
137885 55
137997 52
138108 50
138219 47
138330 45
138441 48 43
138774 60
138997 53
139441 60
139663 53
139774 55
139997 48
140108 60
140330 53
140774 53
141108 55
141330 55
141441 57
141663 60
141997 62
142274 64
142316 62
142663 60
142997 62
143330 64
143774 60 48 43
144108 60
144330 53
144774 60
144997 53
145108 55
145441 60
145663 53
146108 53
146441 55
146663 55
146774 57
146997 60
147330 62
147524 65
147608 69
147691 67
148191 65
148274 64
148358 60
148774 57
148997 55
149108 60
149774 48 53
150108 60
150330 53
150441 55
150663 53
150774 60 55
150997 53
151441 53
151774 55
151997 55
152108 57
152330 60
152663 62
152941 64
152983 62
153330 60
153663 62
153997 64
154441 67 60 48 43
154774 60
154997 53
155441 60
155663 53
155774 55
155997 48
156108 60
156330 53
156663 53
157108 60 48 55
157441 60
157663 53
158108 60
158330 55
158774 64
158997 62
159330 60
159441 57
159663 60
159997 48
160108 62
160330 53
160441 62
160663 53
160774 62
160997 55
161330 53
161441 64
161663 62
161997 60
162108 57
162330 60
162663 48
162774 62
162997 53
163108 62
163330 53
163441 62
163663 55
163997 53
164108 64
164330 60
164663 60
165108 55 48 41
165330 62
165441 64
165663 65 60 53
165997 62
166108 64
166330 67 62 60
166663 64
166774 62
166997 60 53
167774 60 55 43
169108 62 55 43
170108 50
170330 57
170441 62
171441 57
171663 60
171774 62
172330 60
172774 57
172997 67
173108 69
173774 67
173941 69
174024 67
174108 64
174191 62
174274 67
174358 64
174441 62
174552 60
174663 57
174774 60
175330 57
175441 62
175663 65
175997 67
176108 69
176330 69
176441 72
176663 71
176885 72
177108 71
177330 55
177552 65
177774 71
177997 74
178219 72
178441 71
179441 69
180330 43
180441 45
180997 43
181108 48 50
181774 50
181997 52
182219 53
182441 60
182997 55
183108 62
183663 57
183774 64
183997 57
184108 64
184330 65
184441 67
184774 67
184997 69
185108 67
185441 62
185663 60
185774 60
186108 64
186441 62
186774 57
186997 53
187441 48
187774 47
187997 55
188108 62
188330 67
189108 55
189330 57
189441 64
189663 71
190441 57
190552 60
190663 64
190774 67
190885 69
190997 72
191108 76
191441 72
191608 76
191691 72
191774 74
191885 72
191997 69
192108 67
192219 65
192330 69
192441 67
192552 65
192663 62
192774 60
192858 57
192941 43
193024 69
193108 67
193274 67
193358 69
193441 72
193552 67
193663 64
193774 62
193858 60
193941 64
194024 62
194108 60
194191 57
194358 72
194441 71
194552 67
194663 62
194774 60
194885 57
194997 55
195108 59
195191 57
195274 57
195358 55
195441 52
195524 50
195608 52
195691 50
195774 48
195885 45
195997 43
196108 40
197108 69
197330 67
197441 64
197663 65
198441 67
198663 65
198774 64
198997 62
199330 62
199663 64
199774 64
199997 65
200219 65
200441 67
200663 67
200885 69
201108 69
201330 71
201441 72
201663 76
202108 72
202441 71
202774 72
203108 72
203441 71
203663 72
203774 67
203885 72
203997 62
204108 72
204219 60
204330 72
204441 65
204552 72
204663 69
204774 72
204885 71
204997 72
205108 67
205219 72
205330 65
205441 72
205552 69
205663 72
205774 71
205997 72
206219 71
206441 74
206663 76
206774 77
206997 76
207663 52
207774 53
207997 57
208108 60
208330 64
208441 67
208663 69
208997 56
209108 59
209330 62
209441 65
209663 68
209774 69
209997 73
210108 74
210441 76
211441 77
211774 77
212663 57
212774 55
212997 57
213108 65
213330 57
213441 62
213663 65
213774 64
213997 55
214108 60
214330 64
214441 62
214663 55
214774 59
214997 62
215108 55
215330 59
215441 60
215663 62
215774 64
215997 55
216108 60
216330 64
216441 62
216663 55
216774 59
216997 62
217108 60
217330 59
217441 57
217663 55
217774 52
218441 65
218663 57
218774 62
218997 65
219108 64
219330 55
219441 60
219663 64
219774 62
219997 55
220108 67
220774 69
220997 66
221330 62
221441 62
221663 60
221774 62
221997 64
222108 67
222330 69
222441 69
222663 71
222774 72
222997 74
223108 76
223774 77
223997 69
224108 74
224330 77
224441 76
224663 67
224774 72
224997 76
225108 74
225330 67
225441 71
225663 74
225774 67
225997 71
226108 72
226330 74
226441 76
226663 67
226774 72
226997 76
227108 74
227330 67
227441 71
227774 72
227997 71
228108 69
228330 67
228441 64
229108 65
229330 57
229441 62
229663 65
229774 64
229997 55
230108 60
230441 71
230524 74
230608 71
230691 67
230774 62
230858 43
231108 43
231774 64
231997 55
232108 60
232330 64
232441 62
232663 55
232774 59
232997 62
233108 60
233330 59
233441 57
233663 52
233774 50
233997 50
234108 55
234330 59
234441 60
234663 55
234774 48
234997 48
235108 60
235330 57
235441 48
235663 48
235774 60
235997 59
236108 48
236330 48
236441 60
236663 57
236774 48
236997 48
237108 60
237330 55
237441 48
237663 48
237774 60
238330 55
238441 65
238663 65
238774 64
238997 60
239108 67
239663 48
239774 60
239997 55
240108 48
240330 48
240441 60
240663 57
240774 48
240997 48
241108 60
241330 59
241441 48
241663 48
241774 60
242441 70
243108 72
243191 67
243274 69
243358 72
243441 77
243524 76
243608 72
243691 69
243774 74
243858 72
243941 69
244024 72
244108 71
244191 69
244274 67
244358 65
244441 72
244524 71
244608 67
244691 66
244774 69
244858 67
244941 69
245024 67
245108 65
245191 64
245274 62
245358 60
245441 58
245524 62
245774 64
245858 67
245941 69
246024 64
246108 62
246191 60
246274 57
246358 55
246441 52
246524 50
246663 48
246774 60 55
