0 40
275 71 59
551 59 69 40
826 67
1101 59 66 40
1375 64
1514 59 66
1652 40
1927 59 67
2202 40
2476 59 71
2752 59 69 40
3028 67
3303 59 66 40
3578 64
3716 59 66
3853 40
4129 59 67 43
4404 69 45
4679 57
4953 57 69 45
5505 57 71 45
5918 57 69
6054 45
6330 57 69 44
6606 43
6881 55 71
7156 55 69 43
7431 67
7707 55 66 43
7982 64 40
8119 55 66 43
8531 55 67 47
8808 40
9083 59 71
9358 59 69 40
9632 67
9908 59 66 40
10184 64
10320 59 66
10459 40
10734 59 67
11008 40
11285 59 71
11560 59 69 40
11835 67
12109 59 66 40
12385 64
12523 59 66
12661 40
12936 59 67 43
13211 69 45
13486 57
13762 57 69 45
14312 57 71 45
14725 57 69
14863 45
15138 57 69 44
15413 43
15687 55 71
15963 55 69 43
16239 67
16514 55 66 43
16789 64 40
16927 55 66 43
17340 55 67 47
17615 62 40
17752 64
17890 67
18441 52 64
18716 59 71
19129 57 69
19541 55 67
19817 54 66 40
20230 55 67
20642 52 64
22019 54 66 42
22156 54 66
22430 54 66
22843 54 66
24219 42
24496 52 64
24632 54 66
24908 54 66
25046 54 66
25320 54 66
25734 55 67
25872 47
26147 52 64
26422 40
26835 47
27248 59 47 40
27523 71 59 43
27797 42
27936 69 57
28074 40
28349 67 55 43
28624 66 54 40
29037 67 55 47
29450 64 52 40
29725 43
30000 42
30275 40
30551 55 66 47
30826 54 66 42
31239 55 67
31652 54 66
31927 42
32476 54 66
32615 54 66
33028 54 66 42
33441 54 66 42
33852 55 67 40
34129 54 66 42
34541 59 71
34679 42
34953 52 64
35230 40
35641 47
36054 40
36330 71 59 43
36606 42
36742 69 57
36881 40
37156 67 55 43
37430 66 54 40
37843 67 55 47
38257 64 52 40
38531 43
38808 42
39083 59 47 40
39219 59 47
39358 47
39632 66 54 42
40046 66 54 42
40459 64 52 40
40734 66 54 42
41835 42
42109 64 52
42248 66 54 42
42523 66 54
42661 66 54 40
42936 66 54 42
43349 67 55
43486 43
43762 64 52
44037 40
44450 47
44863 52 52 40
45138 59 59 43
45413 42
45551 57 57
45687 40
45963 55 55 43
46239 59 59 40
46652 59 59 47
47063 59 59 40
47340 43
47615 42
47890 40
48164 52 52 47
48441 61 49 47
48852 61 49 45
49265 61 49 43
49679 42
50092 64 52 42
50367 64 52
50641 64 52 47
51054 64 52 45
51468 64 52 43
51742 64 52
51881 42
52294 64 52 40
52569 64 52
52843 40
53119 64 55
53395 64 55 40
53531 55
53670 64
53945 64 55 40
54219 57
54358 55
54496 59 40
54632 54
54771 64 55
55046 40
55320 64 55
55597 64 55 40
55734 55
55872 64
56147 64 55 40
56422 57
56560 59 55
56697 40
56835 54
56973 57 55 43
57248 52 45
57523 57
57797 57 52 45
58074 55
58349 57 52 45
58624 52
58762 59
58898 52 45
59174 55 44
59450 55 43
59725 64
60000 64 55 43
60274 64
60551 67 57 43
60826 55 40
60963 64 43
61101 54
61375 64 52 47
61652 40
61789 62
61927 59 55
62202 64 55 40
62340 55
62476 64
62752 64 55 40
63028 57
63164 55
63303 59 40
63441 54
63578 64 55
63852 40
64129 64 55
64404 64 55 40
64541 55
64679 64
64953 64 55 40
65230 57
65367 59 55
65505 40
65641 54
65780 57 55 43
66054 52 45
66330 55 45
66606 57 52 45
66881 55
67156 57 52 45
67430 52
67569 59
67707 52 45
67982 55 44
68257 55 43
68531 64 43
68808 64 55 43
69083 64
69358 67 57 43
69632 55 40
69771 64 43
69907 54
70184 64 52 42
70459 62 40
70597 64
70734 67
71285 52 64
71560 59 71
71973 57 69
72385 55 67
72661 54 66 40
73074 55 67
73485 52 64
74863 54 66 42
75000 54 66
75274 54 66
75687 54 66
77063 42
77340 52 64
77476 54 66
77752 54 66
77890 54 66
78164 54 66
78578 55 67
78716 47
78991 52 64
79265 40
79679 47
80092 59 47 40
80367 71 59 43
80641 42
80780 69 57
80918 40
81193 67 55 43
81468 66 54 40
81881 67 55 47
82294 64 52 40
82569 43
82843 42
83118 40
83395 55 66 47
83670 54 66 42
84083 55 67
84496 54 66
84771 42
85320 54 66
85459 54 66
85872 54 66 42
86285 54 66 42
86696 55 67 40
86973 54 66 42
87385 59 71
87523 42
87797 52 64
88074 40
88485 47
88898 40
89174 71 59 43
89450 42
89586 69 57
89725 40
90000 67 55 43
90274 66 54 40
90687 67 55 47
91101 64 52 40
91375 43
91652 42
91927 59 47 40
92063 59 47
92202 47
92476 66 54 42
92890 66 54 42
93303 64 52 40
93578 66 54 42
94679 42
94953 64 52
95092 66 54 42
95367 66 54
95505 66 54 40
95780 66 54 42
96193 67 55
96329 43
96606 64 52
96881 40
97294 47
97707 52 52 40
97982 59 43
98257 42
98395 57
98531 40
98808 55 43
99083 59 40
99496 59 47
99907 59 40
100184 43
100459 42
100734 40
101008 52 47
101285 61 49 47
101696 61 49 45
102109 61 49 43
102523 42
102936 64 52 42
103211 64 52
103485 64 52 47
103898 64 52 45
104312 64 52 43
104586 64 52
104725 42
105138 52 64 52 40
105274 52
105413 52 64 52
105551 52
105687 40
105962 64 55
106239 64 55 40
106375 55
106514 64
106789 64 55 40
107063 57
107202 55
107340 59 40
107476 54
107615 64 55
107890 40
108164 64 55
108441 64 55 40
108578 55
108716 64
108991 64 55 40
109265 57
109404 59 55
109540 40
109679 54
109817 57 55 43
110092 52 45
110367 57
110641 57 52 45
110918 55
111193 57 52 45
111468 52
111606 59
111742 52 45
112019 55 44
112294 55 43
112569 64
112843 64 55 43
113118 64
113395 67 57 43
113670 55 40
113808 64 43
113945 54
114219 64 52 47
114496 40
114632 62
114771 59 55
115046 64 55 40
115184 55
115320 64
115597 64 55 40
115872 57
116008 55
116147 59 40
116285 54
116422 64 55
116696 40
116973 64 55
117248 64 55 40
117385 55
117523 64
117797 64 55 40
118074 57
118211 59 55
118349 40
118485 54
118624 57 55 43
118898 52 45
119173 55 45
119450 57 52 45
119725 55
120000 57 52 45
120274 52
120413 59
120551 52 45
120826 55 44
121101 55 43
121375 64 43
121652 64 55 43
121927 64
122202 67 57 43
122476 55 40
122615 64 43
122751 54
123028 64 52 42
123303 50 40
123441 52
123578 55 40
123716 40
123852 55
123991 43
124129 50
124265 52
124404 55 40
124679 55 40
124953 50
125092 52 40
125230 55 47
125505 50 40
125641 52
125780 55 40
125918 47
126054 55
126193 40
126329 50 47
126468 52
126606 55 40
126881 55 40
127156 50
127294 52 47
127430 55 43
127707 50 40
127843 52
127982 71 55 71 40
128118 40
128257 69 55 69
128395 43
128531 67 50 67
128670 52
128808 66 55 66 40
129083 64 55 64 40
129219 66 66
129358 50
129496 52 40
129632 67 55 67 47
129907 50 40
130046 52
130184 71 55 71 40
130320 47
130459 69 55 69
130597 40
130734 67 50 67 47
130872 52
131008 66 55 66 40
131285 64 55 64 40
131422 66 66
131560 50
131696 52 47
131835 67 55 67 43
132109 52 42
132248 54
132384 70 58 70 42
132661 70 58 70 42
132936 66 52 66
133074 54
133211 70 58 70 42
133485 66 58 66 40
133624 64 64
133762 52
133898 54
134037 66 58 66 46
134312 52 42
134450 54
134586 70 58 70 42
134725 46
134863 70 58 70
135000 42
135138 66 52 66 42
135274 54
135413 70 58 70 46
135551 70 70 42
135687 66 58 66
135962 70 52 70 40
136101 54
136239 66 58 66
136514 52 42
136652 54
136789 70 58 70 42
136927 46
137063 70 58 70
137202 42
137340 66 52 66 42
137476 66 54 66
137615 70 58 70 46
137751 42
137890 66 58 66
138028 64 64
138164 52 40
138303 54
138441 66 58 66
138716 71 59 71 47
138852 71 59 71 47
138991 71 59 71 47
139129 69 57 69 47
139265 69 57 69 47
139404 69 57 69 47
139540 67 55 67 47
139679 67 55 67 47
139817 67 55 67 47
139953 66 54 66 47
140092 66 54 66 47
140230 66 54 66 47
140367 64 52 64 47
140505 66 54 66 48
140641 67 55 67 49
140780 71 59 71 50
140918 64 64 64 52
141193 64 55
141468 64 55
141606 55
141742 64
142019 64 55
142294 55
142430 55
142569 59
142707 55
142843 64 55
143395 64 55
143670 64 55
143808 55
143945 64
144219 64 55
144496 55
144632 59 55
144907 55
145046 57 55
145597 57 52
145872 57 52
146008 52
146147 55
146422 57 52
146696 52
146835 59 52
147109 52
147248 55 52
147797 64 55
148074 64 55
148211 55
148349 64
148624 67 55
148898 55
149037 64 55
149312 55
149450 64 55
149725 40
149863 62
150000 59 55
150274 64 55 40
150413 55
150551 64
150826 64 55 40
151101 55
151239 55
151375 59
151514 55
151652 64 55
152202 64 55
152476 64 55
152615 55
152751 64
153028 64 55
153303 55
153441 59 55
153716 55
153852 57 55
154129 45
154404 55 52
154679 57 52 45
154817 52
154953 55
155230 57 52 45
155505 52
155641 59 52
155918 52
156054 55 52
156606 64
156881 64
157156 64
157430 67
157843 64
158257 64
158531 40
158808 52 67
159083 52 67 40
159219 67
159358 52
159632 52 67 40
159907 69
160046 67
160184 59 40
160320 66
160459 52 67
160734 40
161008 52 67 47
161285 52 67 45
161422 67
161560 52
161835 52 67 40
162109 69
162248 59 67 42
162523 66
162661 57 67 43
162936 69 45
163211 57
163485 57 69 45
163762 55
164037 57 69 45
164312 71
164450 59
164586 69 45
164863 55 69 44
165000 68
165138 67 43
165413 52
165687 52 67 43
165962 52
166239 55 69 43
166514 67 40
166652 52 43
166789 66
167063 52 64 47
167340 40
167476 62
167615 59 67 47
167890 52 67 45
168028 67
168164 52
168441 52 67 40
168716 69
168852 67 42
168991 59
169129 66
169265 52 67 43
169540 40
169817 52 67
170092 52 67 45
170230 67 47
170367 52
170641 52 67 40
170918 69
171054 59 67
171193 40
171329 66
171468 57 67 43
171742 69 45
172019 55 45
172294 57 69 45
172569 55
172843 57 69 45
173118 71
173257 59
173395 69 45
173670 55 69 44
173808 68
173945 67 43
174219 52 43
174496 52 67 43
174771 52
175046 55 69 43
175320 67 40
175459 52 43
175597 66
175872 52 64 42
176147 64 40
176422 67 47
176696 59 67 45
176835 67
177248 64 67 40
177523 69
177661 67 42
177797 59
177936 66
178074 67 43
178349 64 40
178624 67
178898 59 67 45
179037 67 47
179450 64 67 40
179725 69
179863 67
180000 59 40
180138 66
180274 58 67 43
180551 57 69 45
180826 45
181101 64 69 45
181652 57 69 45
181927 71
182202 57 69 45
182476 56 69 44
182615 68
182751 55 67 43
183028 43
183303 62 67 43
183852 55 69 43
184129 67 40
184265 55 43
184404 66
184679 59 64 42
184953 64 40
185230 67 47
185505 59 67 45
185641 67
186054 64 67 40
186329 69
186468 67 42
186606 59
186742 66
186881 67 43
187156 64 40
187430 67
187707 59 67 45
187843 67 47
188257 64 67 40
188531 69
188670 67
188808 59 40
188945 66
189083 67 43
189358 45
189632 69 45
189907 69 45
190184 67
190459 69 45
190872 71
191008 45
191285 67
191835 64 52 47
192109 64 52 47
192384 64 52 47
192661 67 55 47
193074 64 52 47
193485 64 52 40
