0 74 47
319 78
638 73 59
957 74
1276 71 47
1595 73
1914 69 59
2234 68
2553 52 64 40
3191 71 64
3829 64 52
4468 64 71
5106 74 47
5425 78
5744 73 59
6063 74
6382 71 47
6702 73
7021 74 59
7340 76
7659 52 64 40
8297 71 64
8936 52 64
9574 64 71
10212 74 47
10531 78
10851 73 59
11170 74
11489 71 47
11808 73
12127 69 59
12446 68
12765 64 52 40
13404 64 71
14042 52 64
14680 64 71
15319 74 47
15638 78
15957 73 59
16276 74
16595 71 47
16914 73
17234 74 59
17553 76
17872 64 52 40
18510 71 64
19148 64 52
19787 71 64
20425 47
21063 71 59
21382 71
21702 74 47
22021 74
22340 71 59
22659 71
22978 78 50
23297 78
23617 62
23936 78
24255 50
24574 74
24893 62
25531 76 45
25851 76
26170 57
26489 76
26808 45
27127 73
27446 57
28085 76 52 40
28404 76
28723 64
29042 76
29361 52
29680 74
30000 73 64
30319 71
30638 47
31276 71 59
31595 71
31914 74 47
32234 74
32553 71 59
32872 71
33191 78 50
33510 78
33829 62
34148 78
34468 50
34787 74
35106 62
35744 76 45
36063 76
36382 57
36702 76
37021 45
37340 73
37659 57
38297 76 52 40
38617 76
38936 64
39255 76
39574 52
39893 74
40212 73 64
40531 71
40851 74 47
41170 78
41489 73 59
41808 74
42127 71 47
42446 73
42765 69 59
43085 68
43404 52 64 40
44042 71 64
44680 64 52
45319 64 71
45957 74 47
46276 78
46595 73 59
46914 74
47234 71 47
47553 73
47872 74 59
48191 76
48510 52 64 40
49148 71 64
49787 52 64
50425 64 71
51063 74 47
51382 78
51702 73 59
52021 74
52340 71 47
52659 73
52978 69 59
53297 68
53617 64 52 40
54255 64 71
54893 52 64
55531 64 71
56170 74 47
56489 78
56808 73 59
57127 74
57446 71 47
57765 73
58085 74 59
58404 76
58723 52 64 40
59361 71 64
60000 64 52
60638 71 64
61276 47
61914 71 59
62234 71
62553 74 47
62872 74
63191 78 59
63510 78
63829 52 40
64148 76
64468 64
65106 52
65744 76 64
66063 76
66382 47 71
67021 71 59
67340 71
67659 74 47
67978 74
68297 78 59
68936 52 40
69255 76
69574 64
70212 52
70851 64
71170 76
71489 74 47
71808 78
72127 73 59
72446 74
72765 71 47
73085 73
73404 69 59
73723 68
74042 52 64 40
74680 71 64
75319 64 52
75957 64 71
76595 74 47
76914 78
77234 73 59
77553 74
77872 71 47
78191 73
78510 74 59
78829 76
79148 52 64 40
79787 71 64
80425 52 64
81063 64 71
81702 74 47
82021 78
82340 73 59
82659 74
82978 71 47
83297 73
83617 69 59
83936 68
84255 64 52 40
84893 64 71
85531 52 64
86170 64 71
86808 74 47
87127 78
87446 73 59
87765 74
88085 71 47
88404 73
88723 74 59
89042 76
89361 64 52 40
90000 71 64
90638 64 52
91276 71 64
91914 74
91968 71
92021 59
