0 65
372 76 57 50
767 74
814 45
977 69
1186 50
1395 65
1592 45
1790 57 76
1964 50
2347 74
2406 45
2544 69 45
2788 50
2974 65
3521 72 43
3916 70 62 50
4124 65
4345 70 58
4532 50 43 62
4729 50
4891 72
5135 43
5438 62
5473 50 70
5647 65
5833 58
6205 45 52
6356 45
6645 43 70 46
6785 50
7006 69
7052 53
7239 65 53
7402 70 58
7622 62
7993 70 58 46
8168 58 46
8563 70 53
8969 70 58
9330 60
9481 62
9620 41
9748 57 53 45
10096 70 58 46 52
10189 41
10503 60 53 57 45
10595 41
10909 62
11002 70
11131 52
11293 76 64 57
11398 45
11480 52
11665 65 45 57
12037 67
12071 60
12419 57 69
12478 52
12698 48
12825 76
13222 45
13419 69 50
13605 50
13837 65
14012 45
14209 76 57
14755 74
14870 45
14940 50 69
14998 57
15185 50
15406 65
15986 62 72 43
16161 50
16369 70 62 50
16590 65
16741 58
16962 62 50
17125 50
17335 72 62 65 50
17520 62 43
17613 58
17904 58
17938 50 43
17973 70
18124 65
18298 58 70
18368 43
18716 45
19066 70 46 58
19472 69 53
19692 53 65 46
19855 70 58
20098 62
20273 53
20482 70 58
20633 46
21041 53
21423 58 46 53
21656 62
22202 69 57
22283 45
22608 70 58 52
22991 57 60 69
23387 62 52
23782 76 64 57 45
24003 52 45
24188 64
24223 57 45
24316 62
24560 67 64 60
24653 57
24745 65
24815 52
24966 69 60 45 57
25373 69 50
25768 45 69
25827 52
26186 50
26395 67
26569 67 79
27012 50
27384 65
27511 45
27755 50
28173 76 64
28393 62 50 45
28556 62 55
28625 43
28731 50
28928 50
29323 70 58
29718 62 50
30124 43
30462 55
30508 50 62
30880 70 58
31264 62 50
31635 69 43 62 50
31670 46
32042 53
32424 58 70 46
32843 46 53 70 67
33228 46
33610 53
33645 62
33912 70
34029 46 65 53 58
34435 60 62
34783 41 69 45
34818 60 65
35179 57 52
35585 60 45 67 57
35864 69
35992 52
36027 62
36142 57
36363 57 65 45
36769 48
37131 76 64 52 45
37525 62 45
37560 57
38130 50
38315 62 45
38698 50 65
38780 52
39094 67
39291 69
39454 50
39860 45
40255 50
40638 69
40999 43
41394 62 50
41487 45
41580 64
41800 64 58 70
42137 46
42172 65 62 43 50
42381 72 65
42473 58
42590 62 43
42939 70
42986 62 50
43381 70 58
43764 50 62
44008 46
44159 69 46
44542 70 53
44927 69 46 50 58
45309 70 46 53
45692 69
45750 46
46053 70 46
46098 53
46273 69
46482 58 70 46
46552 41
46878 60
46947 58 41
47261 53 69
47365 45
47667 57 52
48039 52 45 67 57
48480 52
48829 65 45
49213 48
49572 76 64 52
50014 62 45 57
50386 50 45
50956 65 77
51164 65 77
51396 45
51571 64 76 45
51617 50
51780 76 45
51989 76 45 64 52
52384 62 45
52581 74 62
52755 50
53163 45
53325 74 62
53488 77 43
53906 62
54300 77 65
54347 43
54486 74 62 50
54718 55
54870 79 67 55 50 62
55103 70 58
55486 62 77 65 50
55881 76 67 55 64
56032 58
56287 50 62
56670 46
57066 65
57461 65 46
57646 53
57809 58
57844 64 46
57984 70
58018 53
58228 76 60 64 53
58343 58
58622 74 62 53
58668 41
58820 74 62 64
59041 70 58
59447 53
59854 76
59900 45
60422 76 64
60795 45 60
61005 57 45 62 52
61202 52
61388 72 60 57
61747 69
61829 52
62200 57
62467 69
62584 52
62654 62
62806 45
62957 45 52 65
63165 77
63525 65
63734 77 50 65
64013 45
64140 50 45 64
64327 45
64535 76 64 52
64943 62
65002 45
65152 62
65349 62 50
65744 45
65895 74 50 62
66104 65 43
66498 62
66568 55
66615 50
66860 77 65
66953 43
67081 62 50
67302 55
67475 55 79 67 50
67684 58 70
68079 77 65 58 50
68148 55
68184 43
68485 76 67 55 64
68858 74 62 50
69230 46
69845 46
70042 65 46
70252 76 64
70425 70
70460 64 53
70646 53 76 64 58
70844 76 60 64
70914 41
71019 58
71263 62
71448 74 62
71634 70 58
72040 53
72435 76 64 45
72621 76 64
72982 45 64
73214 45
73400 76 52 64
73597 57 45
73795 52
74004 77 65 60
74410 57 52
74807 69 57 64 52
74864 41
75189 57 52
75584 74 50
76677 45
76920 50
77199 62 52
77420 50
77547 65
77617 45
77745 67 45
77978 69 50
78371 72
78430 45
78756 43 72
79150 70
79313 45
79592 43
79940 72 43
80138 62 70 55 50
80335 69 58
80428 43
80533 67 55
80662 70
80719 65
80778 50
80940 64
81149 62 55 50
81533 58
81741 70
81927 46 70
82229 50
82310 69
82403 46
82718 65
82799 46
83100 62 53
83275 58
83508 70 58 46
84007 70
84285 60
84355 41
84809 62
85053 69 57 45
85145 41
85436 70 58
85842 60
85889 45
85946 58
86237 62 48
86284 45
86598 76 45 64 57 52
86993 77 65
87375 48 79 67 57
87794 69 57
87933 64
88177 50 69
88596 45
88968 67 45 50
89386 65
89502 45
90175 76 64
90291 45
90570 50
90966 62 50 45
91407 43
91720 50
91918 62
92127 45 70 58
92534 62 45 50
92918 62
92975 43
93336 62 50
93695 70 58
94311 65 46 50 69
94462 77 58 46
94846 53
95183 76 64 46
95230 70 58
95578 76 64
96019 46
96158 62 46
96239 53
96390 53
96600 64
96787 58 46
96984 70
97181 62
97588 53 69
97669 45
97959 57
97994 52
98365 79 67
98400 45 57
98796 52
99144 77 65 45
99563 48
99945 76 64 52
100340 57 62 45
100713 50
101119 74 62 45
101306 45
101491 77 65 50
101886 79 67
101979 45
102095 69
102304 50
102630 74
102677 45
103024 77 45
103060 50
103443 79
103524 57
103849 50
103919 43
104174 74 62 55
104244 50
104383 76 64
104570 62 50 77 64 70 58
104977 74 50 62
105139 65 50 77 72
105406 43
105789 58
105836 50 70
106195 70 58
106277 43
106952 46 69 50
107358 70 53
107741 69
107775 58
108136 70
108509 69 46 53
108938 70 53
109147 69 53
109310 70 58 46
109635 41
109867 69
110099 76 67 64
110215 45
110355 58
110472 52
110577 79
110855 45 64 57 52 67
111238 69 57 72 52 64
111447 70 67 52
111656 70 67 45
112050 52
112237 69 65
112447 57
112818 67 60
112992 69 65
113224 65
113806 69 65
113840 50
114014 50 65
114235 67 45
114409 67 50
114608 50 64 45
114793 67 76 64 52
115199 62 45 65
115397 74 62
115594 45 62 50
115653 67
115989 45
116372 69 43 50 65 45
117036 43
117163 50 69 65 62
117244 43
117372 65 62 50
117569 55 43
117767 43 70 55 67 50
117964 58
118336 65 70 58
118384 50
118743 67 55 65
119127 55 62 50 65
119603 46
119893 69
120311 69 65 46
120497 53
120695 67 64
120730 46
120881 53
121090 67 60 64
121124 41
121230 58
121485 65 62 60 53
121682 62 65
121880 67 70 58
121925 41
122263 53
122635 64 45
123007 53
123228 64
123483 45
123599 57
123634 62 52
123819 72 45 57 60
124017 62 52
124225 57 60
124402 69
124610 52
124993 69 57
125342 69
125411 52
125667 45
125783 69 65
125981 65
126550 69 50 65
126783 45
126957 45 67 64 50
127200 45
127352 64 67 45 52
127746 65 62
127793 45
127943 62 65 67
128164 50
128548 45
128699 62
128920 50 45 43 65 69
129304 65 62 50
129674 69 43
129884 43 65 62
129918 50
130116 55
130315 43 79 67 58 55 70 50
130500 58
130629 43
130884 69 65 58 50
131290 67 58 64 55
131685 65 62 50
132091 46
132464 69 50
132882 69 46
133091 67
133265 70 58 64
133335 53
133473 67 53
133671 67 41 76 60 48
133730 64
133881 53
134066 65 53 62
134274 65 62 53
134439 70 58
134485 41
134543 67
134798 65 62 53
135229 64 45
135367 76
135425 64
135797 64
136157 76 64 45
136204 52
136367 57 45
136553 69 64 57 45 52
136809 79 57 60 67
136971 48 64
137204 52
137610 57 41 60 52 77 65
137993 52
138213 45
138342 65
138981 69
139411 50 65 45
139759 76 57 45
139980 52
140329 74
140387 45
140549 57 69
140608 50
140759 50
140967 65
141211 45
141502 72
141548 62 43
141966 70
142187 62 65
142362 43
142571 62 50
142804 43
142931 72 62 50
143174 43 58
143546 62 43 70 50
143743 65
143930 55
144303 62 50
144685 62 46
144883 50
145068 69
145312 46 65
145695 53 50 62
145730 58
146102 58 46
146335 70
146660 58
146695 53
147079 58 46
147427 70 53
147833 57 53 45
148240 70 58
148659 60
148728 45
149041 74 62 57
149099 45
149216 52
149413 76 64 52 57 60
149819 77 65 52
150204 79 57 52 67
150598 69 57 52
150993 65
151620 69
151864 65
152049 50 65 45
152225 50
152388 76 45 65
152620 52
152991 74
153061 45
153212 69 50
153421 50
153641 65
153792 45
154165 62
154444 43
154781 65
154885 45
154990 43
155187 62 50
155385 43
155535 62 50 72 43
155767 58
156129 70 62
156164 50
156349 65
156559 55
156930 62 50
157313 62 46
157696 69
157929 46 65
158115 46
158324 50 53 46 62
158719 58 53 46
159184 70
159311 53
159717 70 58 62 46
160089 53
160473 45
160706 58
160857 70
160949 53
161019 45
161274 72
161344 45
161554 52
161681 74
161728 45
161902 45
162075 76 57
162112 60
162471 77 52
162507 57
162890 79 57
163087 45
163284 69
163331 52
163482 74 62
163725 68
163888 45
164110 67 50
164342 67 45 79
164505 52
164725 77 65 52
164795 45
164922 50
165109 68
165143 52 45
165306 50
165538 45
165747 50 77 65
165967 45
166119 50 62 45 52
166352 45
166527 50
166665 74 62
166735 45
166874 68
166933 43
167095 50
167153 55 67
167315 55
167524 79 67 50
167722 58
167849 70
167908 65 50
168118 67 55
168281 46 68 65
168327 50
168547 43
168664 77 50
168884 77 43 65
168919 55
169116 50
169267 74 50 55 62
169303 58
169430 70
169499 50
169662 55
169709 43
169871 50
169929 46
170058 62 65 46
170232 58
170279 53
170441 53 58 65 46
170650 53
170870 60
171057 77 53 65
171091 58
171172 41
171300 60 70 58
171474 79 70 67 53 60
171648 58 46
171869 67 53
172033 77 65 46 53 67 70
172242 53
172428 70 60 58 65 53
172579 67
172858 60 58
172915 70
173008 65 53 62
173217 64
173253 45 53
173368 76
173403 62 52
173461 57
173612 52 64 57 45
173810 62 52
174008 62 52 58 64
174100 70
174206 52 62
174414 52 64 57
174589 62 52
174774 52 76 64
174833 45
175169 77 65 45 57
175378 57 79 67 65
175447 52
175575 58 70
175761 52
175970 57
176181 52 74 62 57
176366 50 68
176587 67 79 45
176761 50
176958 79 67
177052 45
177167 52
177353 77 65
177411 45
177585 50
177760 68 45
178179 45
178341 79 67 50
178527 77 45 65
178747 74 50 62 52 45
178968 45
179142 50
179352 62 50 45
179560 68 43
179699 50
179781 45 79 55
179966 55
180131 43 77 50 65
180305 67 58
180537 50 62
180677 55
180745 43
180896 50 68
181083 43
181315 50
181512 79 55 67
181709 77 65 50
181918 74 55 70 62 58 50
182280 55
182477 62 50
182512 43
182709 62 55 74 46
182918 53
183115 70 58
183313 53
183510 60
183580 50
183719 53
183905 72 65 60
184092 46 65 60 53 72
184300 46
184521 53
184731 58 53 70
184905 53 70 46
185090 58 60
185299 53
185485 41
185520 69 53 60 58
185717 53
185821 45
185974 45
186090 52 57
186299 69 57
186694 58
186833 70
186891 52
187054 69 57
187286 52
187495 52 68 45
187692 52
187913 57
188099 52
188274 67 52 45 58
188483 52
188669 57
188866 52
189052 50
189690 69 65
190087 67 57 45
190272 67 50
190458 67 45
190667 67 52
190725 76
191050 65 62
191096 45
191247 65 62
191468 50
191863 45
192027 62 65
192236 69 45 65 43
192584 65
192642 62 50
193025 69 50
193130 43
193245 62 65 50
193455 55
193653 55 43 70 67 50
193861 58
194013 55 43
194234 69 67 65 58 50
194640 76 67 55 58 64
195023 62 65 55 50
195152 67
195407 46
195931 69
195988 46
196197 65 69 46
196394 53
196615 67 64
196755 53
196987 41 67 64 60
197021 58
197080 70
197382 65 53 62
197590 53 65 62
197765 70 58
197799 67
198149 53
198544 64
198613 45
199136 64
199391 45
199554 52
199739 45 62
199880 57
199927 52
200124 60 45
200368 57
200542 52
200635 62
200937 57
201332 57 52 69
201867 65
202075 65
202459 69 65
202517 50
202703 45
202854 67 50 45
203248 67 45 64 52
203632 65 62
203689 45
203854 62
204062 50 57
204434 45
204596 74 62
204829 69 50 65
205003 43
205235 50 62 65
205397 43
205618 69 65 62 43 50
205829 50 62 65 43
206014 43 55
206223 43 58 50 55 70 67
206397 58 50
206804 69 50 46 65
207210 67 76 58 64 55
207582 65 62 55 50
207931 46
208349 41 69
208395 46
208756 65 46
208930 53
209127 70 67 64
209300 58 64 67
209545 60 76 64 67 41
209719 53
209917 60 62 53
210127 53 65 62
210312 70 58
210695 53
210742 67
211090 45 64 76
211381 53
211415 57
211694 64
211869 45
212055 76 45 52 64
212264 45 57
212462 52 45
212670 60 77 69 65 57
212706 52
213077 52
213471 57 52 64 67
213867 69
213925 52
214077 45
214250 50 45
214878 50
215295 65 45
215493 62
215702 76 57 45
215889 52
216237 74
216307 45
216458 69 57
216667 50
216864 77 65
217062 57 45
217444 72 50
217853 70
218073 65
218247 43
218456 43 74 62 50
218537 70
218665 55 43
218862 62 72 50
219060 58
219222 70
219338 62
219455 70 50
219675 77 58 65 50
219850 55
220222 50
220489 46
220606 70
220674 46
220999 69
221418 46
221627 53
221767 74 62 46
221988 53
222023 70
222173 41 70 53 62 46 60
222604 46 53
222638 58
222974 58
223010 41
223265 46
223335 62 53
223602 41
223731 45 53
224125 58
224218 41
224254 70
224520 45 60
224753 52
224881 45
224927 74 57 62
225112 52
225321 76 64 52 57 60
225706 77 65 52
226100 67 52 57
226495 57 69 60 52
226750 45
226902 62
227692 50 45
228459 74 50
228574 76
229016 74
229691 65
230097 76
230631 74
230782 74
231025 69
231386 50
233129 50
235022 50
238102 50
238298 50 45
238810 62
239937 45
