0 68 53
352 72
705 67 56 60
1058 68
1411 65 53
1764 67
2117 63 56 60
2470 62
2823 58
3529 62 65
4235 58
4941 62 65
5294 67
5647 68 53
5999 72
6352 67 56 60
6705 68
7058 65 53
7411 67
7764 63 68 56 60
8117 62 70
8470 58
9176 62 65
9882 58
10588 62 65
11294 53
11999 56 60 65
12352 65
12705 53 68
13058 68
13411 56 60 65
13764 65
14117 53 72
14470 72
14823 56 60
15176 72
15529 53
15882 68
16235 56 60
16941 51 70
17294 70
17647 55 58
17999 70
18352 51
18705 67
19058 55 58
19764 50 70
20117 70
20470 53 58
20823 70
21176 50
21529 68
21882 53 58 67
22235 65
22588 53
23294 56 60 65
23647 65
23999 53 68
24352 68
24705 56 60 65
25058 65
25411 53 72
25764 72
26117 56 60
26470 72
26823 53
27176 68
27529 56 60
28235 51 70
28588 70
28941 55 58
29294 70
29647 51
29999 67
30352 55 58
31058 50 70
31411 70
31764 53 58
32117 70
32470 50
32823 68
33176 53 58 67
33529 65
33882 53
34588 56 60
34941 65
35294 53 68
35647 68
35999 56 60 65
36352 65
36705 53 72
37058 72
37411 56 60
37764 72
38117 53
38470 68
38823 56 60
39529 51 70
39882 70
40235 55 58
40588 70
40941 51
41294 67
41647 55 58
42352 50 70
42705 70
43058 53 58
43411 70
43764 50
44117 68
44470 53 58 67
44823 65
45176 53
45882 56 60 65
46235 65
46588 53 68
46941 68
47294 56 60 65
47647 65
47999 53 72
48352 72
48705 56 60
49058 72
49411 53
49764 68
50117 56 60
50823 51 70
51176 70
51529 55 58
51882 70
52235 51
52588 67
52941 55 58
53647 50 70
53999 70
54352 53 58
54705 70
55058 50
55411 68
55764 53 58 67
56117 65
56470 53
57176 56 60 65
57529 65
57882 53 68
58235 68
58588 56 60 72
58941 72
59294 53 74
59647 70
59999 53 58
60352 70
60705 46 74
61058 74
61411 53 58 70
61764 70
62117 53 65
62823 56 60
63176 65
63529 53 68
63882 68
64235 56 60 72
64588 72
64941 53 74
65294 70
65647 53 58 70
65999 70
66352 46 74
66705 74
67058 53 58 70
67411 70
67764 53 65
68470 56 60
68823 65
69176 53 68
69529 68
69882 56 60 72
70235 72
70588 53 74
70941 70
71294 53 58 70
71647 70
71999 46 74
72352 74
72705 53 58 70
73058 70
73411 53
74117 56 60
74470 65
74823 53 68
75176 68
75529 56 60 72
75882 72
76235 53 74
76588 70
76941 70
77294 70
77647 74
77999 74
78352 65 70
78705 67 70
79058 68 53
79411 72
79764 67 56 60 77
80117 68
80470 65 53
80823 67
81176 63 56 60
81529 62 74 77
81882 58
82588 62 65
83294 58
83999 62 65
84352 67
84705 68 53
85058 72
85411 67 56 60 77
85764 68
86117 65 53
86470 67
86823 63 68 56 60
87176 62 70 74 77
87529 58
88235 62 65
88941 58
89647 62 65
90352 53 41
91058 56 60 65
91411 65
91764 53 68
92117 68
92470 56 60 43 65
92823 65
93176 53 44 72
93529 72
93882 56 60
94235 72
94588 53
94941 68
95294 56 60 48
95999 51 51 70
96352 70
96705 55 58
97058 70
97411 51
97764 67
98117 55 58 55
98823 50 50 70
99176 70
99529 53 58
99882 70
100235 50
100588 68
100941 53 58 53 67
101294 65
101647 53 41
102352 56 60 65
102705 65
103058 53 68
103411 68
103764 56 60 43 65
104117 65
104470 53 44 72
104823 72
105176 56 60
105529 72
105882 53
106235 68
106588 56 60 48
107294 51 51 70
107647 70
107999 55 58
108352 70
108705 51
109058 67
109411 55 58
110117 50 50 70
110470 70
110823 53 58
111176 70
111529 50
111882 68
112235 53 58 67
112588 65
112941 53 41
113647 56 60
113999 65
114352 53 68
114705 68
115058 56 60 43 65
115411 65
115764 53 44 72
116117 72
116470 56 60
116823 72
117176 53
117529 68
117882 56 60 48
118588 51 51 70
118941 70
119294 55 58
119646 70
119999 51
120352 67
120705 55 58
121411 50 50 70
121764 70
122117 53 58
122470 70
122823 50
123176 68
123529 53 58 67
123882 65
124235 53 41
124941 56 60 65
125294 65
125646 53 68
125999 68
126352 56 60 43 65
126705 65
127058 53 44 72
127411 72
127764 56 60
128117 72
128470 53 46
128823 68
129176 56 60 48
129882 51 46 70
130235 70
130588 55 58
130941 70
131294 51
131646 67
131999 55 58
132705 50 50 70
133058 70
133411 53 58
133764 70
134470 68
134823 67
135176 65
135529 53 41
136235 56 60 65
136588 65
136941 53 68
137294 68
137646 56 60 72
137999 72
138352 53 46 74
138705 70
139058 53 58
139411 70
139764 46 74
140117 74
140470 53 58 70
140823 70
141176 53 41 65
141882 56 60
142235 65
142588 53 68
142941 68
143294 56 60 72
143646 72
143999 53 46 74
144352 70
144705 53 58 70
145058 70
145411 46 74
145764 74
146117 53 58 70
146470 70
146823 53 41 65
147529 56 60
147882 65
148235 53 68
148588 68
148941 56 60 72
149294 72
149646 53 46 74
149999 70
150352 53 58 70
150705 70
151058 46 74
151411 74
151764 53 58 70
152117 70
152470 53 41
153176 56 60
153529 65
153882 53 68
154235 68
154588 56 60 72
154941 72
155294 53 46 74
155646 70
155999 70
156352 70
156705 74
157058 74
157411 65 70
157764 67 70
158117 68 53
158470 72
158823 67 56 60 56 77
159176 68
159529 65 53
159882 67
160235 63 56 60
160588 62 53 74 77
160941 58
161646 62 65
162352 58
163058 62 65
163411 67
163764 68 53
164117 72
164470 67 56 60 56 77
164823 68
165176 65 53
165529 67
165882 63 68 56 60
166235 62 70 53 74 77
166588 58
167294 62 65
167999 58
168705 62 65
169411 68 53
169764 72
170117 67 56 60 56 77
170470 68
170823 65 53
171176 67
171529 63 56 60
171882 62 53 74 77
172235 58
172941 62 65
173646 58
174352 62 65
174705 67
175058 68 53
175411 72
175764 67 56 60 56 77
176117 68
176470 65 53
176823 67
177176 63 68 56 60
177529 62 70 53 74 77
