0 67 52
352 71
705 66 55 59
1058 67
1411 64 52
1764 66
2117 62 55 59
2470 61
2823 57
3529 61 64
4235 57
4941 61 64
5294 66
5647 67 52
5999 71
6352 66 55 59
6705 67
7058 64 52
7411 66
7764 62 67 55 59
8117 61 69
8470 57
9176 61 64
9882 57
10588 61 64
11294 52
11999 55 59 64
12352 64
12705 52 67
13058 67
13411 55 59 64
13764 64
14117 52 71
14470 71
14823 55 59
15176 71
15529 52
15882 67
16235 55 59
16941 50 69
17294 69
17647 54 57
17999 69
18352 50
18705 66
19058 54 57
19764 49 69
20117 69
20470 52 57
20823 69
21176 49
21529 67
21882 52 57 66
22235 64
22588 52
23294 55 59 64
23647 64
23999 52 67
24352 67
24705 55 59 64
25058 64
25411 52 71
25764 71
26117 55 59
26470 71
26823 52
27176 67
27529 55 59
28235 50 69
28588 69
28941 54 57
29294 69
29647 50
29999 66
30352 54 57
31058 49 69
31411 69
31764 52 57
32117 69
32470 49
32823 67
33176 52 57 66
33529 64
33882 52
34588 55 59
34941 64
35294 52 67
35647 67
35999 55 59 64
36352 64
36705 52 71
37058 71
37411 55 59
37764 71
38117 52
38470 67
38823 55 59
39529 50 69
39882 69
40235 54 57
40588 69
40941 50
41294 66
41647 54 57
42352 49 69
42705 69
43058 52 57
43411 69
43764 49
44117 67
44470 52 57 66
44823 64
45176 52
45882 55 59 64
46235 64
46588 52 67
46941 67
47294 55 59 64
47647 64
47999 52 71
48352 71
48705 55 59
49058 71
49411 52
49764 67
50117 55 59
50823 50 69
51176 69
51529 54 57
51882 69
52235 50
52588 66
52941 54 57
53647 49 69
53999 69
54352 52 57
54705 69
55058 49
55411 67
55764 52 57 66
56117 64
56470 52
57176 55 59 64
57529 64
57882 52 67
58235 67
58588 55 59 71
58941 71
59294 52 73
59647 69
59999 52 57
60352 69
60705 45 73
61058 73
61411 52 57 69
61764 69
62117 52 64
62823 55 59
63176 64
63529 52 67
63882 67
64235 55 59 71
64588 71
64941 52 73
65294 69
65647 52 57 69
65999 69
66352 45 73
66705 73
67058 52 57 69
67411 69
67764 52 64
68470 55 59
68823 64
69176 52 67
69529 67
69882 55 59 71
70235 71
70588 52 73
70941 69
71294 52 57 69
71647 69
71999 45 73
72352 73
72705 52 57 69
73058 69
73411 52
74117 55 59
74470 64
74823 52 67
75176 67
75529 55 59 71
75882 71
76235 52 73
76588 69
76941 69
77294 69
77647 73
77999 73
78352 64 69
78705 66 69
79058 67 52
79411 71
79764 66 55 59 76 79
80117 67
80470 64 52
80823 66
81176 62 55 59
81529 61 73 76
81882 57
82588 61 64
83294 57
83999 61 64
84352 66
84705 67 52
85058 71
85411 66 55 59 76 79
85764 67
86117 64 52
86470 66
86823 62 67 55 59
87176 61 69 73 76
87529 57
88235 61 64
88941 57
89647 61 64
90352 52 40
91058 55 59 64
91411 64
91764 52 67
92117 67
92470 55 59 42 64
92823 64
93176 52 43 71
93529 71
93882 55 59
94235 71
94588 52
94941 67
95294 55 59 47
95999 50 50 69
96352 69
96705 54 57
97058 69
97411 50
97764 66
98117 54 57 54
98823 49 49 69
99176 69
99529 52 57
99882 69
100235 49
100588 67
100941 52 57 52 66
101294 64
101647 52 40
102352 55 59 64
102705 64
103058 52 67
103411 67
103764 55 59 42 64
104117 64
104470 52 43 71
104823 71
105176 55 59
105529 71
105882 52
106235 67
106588 55 59 47
107294 50 50 69
107647 69
107999 54 57
108352 69
108705 50
109058 66
109411 54 57
110117 49 49 69
110470 69
110823 52 57
111176 69
111529 49
111882 67
112235 52 57 66
112588 64
112941 52 40
113647 55 59
113999 64
114352 52 67
114705 67
115058 55 59 42 64
115411 64
115764 52 43 71
116117 71
116470 55 59
116823 71
117176 52
117529 67
117882 55 59 47
118588 50 50 69
118941 69
119294 54 57
119646 69
119999 50
120352 66
120705 54 57
121411 49 49 69
121764 69
122117 52 57
122470 69
122823 49
123176 67
123529 52 57 66
123882 64
124235 52 40
124941 55 59 64
125294 64
125646 52 67
125999 67
126352 55 59 42 64
126705 64
127058 52 43 71
127411 71
127764 55 59
128117 71
128470 52 45
128823 67
129176 55 59 47
129882 50 45 69
130235 69
130588 54 57
130941 69
131294 50
131646 66
131999 54 57
132705 49 49 69
133058 69
133411 52 57
133764 69
134470 67
134823 66
135176 64
135529 52 40
136235 55 59 64
136588 64
136941 52 67
137294 67
137646 55 59 71
137999 71
138352 52 45 73
138705 69
139058 52 57
139411 69
139764 45 73
140117 73
140470 52 57 69
140823 69
141176 52 40 64
141882 55 59
142235 64
142588 52 67
142941 67
143294 55 59 71
143646 71
143999 52 45 73
144352 69
144705 52 57 69
145058 69
145411 45 73
145764 73
146117 52 57 69
146470 69
146823 52 40 64
147529 55 59
147882 64
148235 52 67
148588 67
148941 55 59 71
149294 71
149646 52 45 73
149999 69
150352 52 57 69
150705 69
151058 45 73
151411 73
151764 52 57 69
152117 69
152470 52 40
153176 55 59
153529 64
153882 52 67
154235 67
154588 55 59 71
154941 71
155294 52 45 73
155646 69
155999 69
156352 69
156705 73
157058 73
157411 64 69
157764 66 69
158117 67 52
158470 71
158823 66 55 59 55 76 79
159176 67
159529 64 52
159882 66
160235 62 55 59
160588 61 52 73 76
160941 57
161646 61 64
162352 57
163058 61 64
163411 66
163764 67 52
164117 71
164470 66 55 59 55 76 79
164823 67
165176 64 52
165529 66
165882 62 67 55 59
166235 61 69 52 73 76
166588 57
167294 61 64
167999 57
168705 61 64
169411 67 52
169764 71
170117 66 55 59 55 76 79
170470 67
170823 64 52
171176 66
171529 62 55 59
171882 61 52 73 76
172235 57
172941 61 64
173646 57
174352 61 64
174705 66
175058 67 52
175411 71
175764 66 55 59 55 76 79
176117 67
176470 64 52
176823 66
177176 62 67 55 59
177529 61 69 52 73 76
