0 44
150 44
300 44
450 49
750 49
900 49
1050 42
1350 42
1500 49
1800 44
2100 44
2250 44
2400 44
2550 44
2700 44
2850 49
3150 49
3300 49
3450 42
3750 42
3900 49
4200 44
4500 42
4650 42
4800 44
4950 44
5100 44
5250 49
5550 49
5700 49
5850 42
6150 42
6300 49
6600 44
7350 75
7500 75
7650 75
7800 75
7950 75
8100 75
8250 77
8550 77
8700 75
9000 72
9150 72
9300 75
9600 44
9750 44
9900 44
10050 49
10350 49
10500 49
10650 42
10950 42
11100 49
11400 44
11700 42
12150 72
12300 72
12450 72
12600 72
12750 72
12900 72
13050 73
13350 73
13500 72
13800 70
13950 68
14100 68
14400 44
14550 44
14700 44
14850 49
15150 49
15300 49
15450 42
15750 42
15900 49
16200 44
16950 75
17100 75
17250 75
17400 75
17550 75
17850 77
18150 75
18450 75
18600 72
18750 72
18900 75
19200 44
19350 44
19500 44
19650 49
19950 49
20100 49
20250 42
20550 42
20700 49
21000 44
21300 42
21750 72
21900 72
22200 72
22350 72
22500 72
22650 73
22950 73
23250 73
23400 70
23550 68
23700 68
24000 44
24150 44
24300 44
24450 49
24750 49
24900 49
25050 42
25350 42
25500 49
25800 44
26100 42
26250 42
26400 49
26700 77 49
26850 77
27000 77 49
27150 49 77
27300 49
27450 77 49
27750 49 77
27900 49
28050 77
28200 75 49
28350 73
28500 49 73
28650 49
28800 44
29100 75 44
29250 75
29400 44 75
29550 44
29700 75 44
29850 77 44
30150 77 44
30300 75 44
30600 73 44
30750 72
30900 44
31050 44
31200 70 51
31500 70 51
31650 70
31800 70 51
31950 70 51
32100 72 51
32250 73 51
32550 51 72
32700 51
32850 70
33000 51
33150 77
33300 51 75
33450 51
33600 44 75
33900 44
34050 73
34200 44 72
34350 44
34500 44
34650 44
34950 44
35100 44
35400 44
35700 44
35850 44
36000 49
36300 77 49
36450 77
36600 77 49
36750 49 77
36900 49
37050 77 49
37350 49 77
37500 49
37650 77
37800 75 49
37950 73
38100 49 73
38250 49
38400 44
38700 75 44
39000 44 75
39150 44
39300 75 44
39450 77 44
39750 77 44
39825 77
39900 75 44
40050 75
40200 73 44
40350 72
40500 44
40650 44
40800 70 51
41100 51
41250 70
41400 70 51
41550 51 72
41700 51
41850 73 51
42150 51 72
42300 51
42450 70
42600 51
42750 75
42900 51
43050 51
45600 44
45750 44
45900 44
46050 49
46350 49
46500 49
46650 42
46950 42
47100 49
47400 44
47700 42
47850 42
48000 44
48150 44
48300 44
48450 49
48750 49
48900 49
49050 42
49350 42
49500 49
49800 44
50550 75
50700 75
50850 75
51000 75
51300 75
51450 77
51750 75
52050 75
52200 72
52350 72
52500 75
52800 44
52950 44
53100 44
53250 49
53550 49
53700 49
53850 42
54150 42
54300 49
54600 44
54900 42
55350 72
55500 72
55650 72
55800 72
55950 72
56100 72
56250 73
56550 72
56850 72
57000 70
57150 68
57300 68
57600 44
57750 44
57900 44
58050 49
58350 49
58500 49
58650 42
58950 42
59100 49
59400 44
60150 75
60300 75
60450 75
60600 75
60750 75
61050 77
61350 75
61500 75
61650 75
61800 72
62100 75
62400 44
62550 44
62700 44
62850 49
63150 49
63300 49
63450 42
63750 42
63900 49
64200 44
64500 42
64950 72
65100 72
65250 72
65400 72
65550 72
65700 72
65850 73
66150 72
66300 72
66450 72
66600 70
66750 68
66900 68
67200 44
67350 44
67500 44
67650 49
67950 49
68100 49
68250 42
68550 42
68700 49
69000 44
69300 42
69450 42
69600 49
69900 77 49
70050 77
70200 77 49
70350 49 77
70500 49
70650 77 49
70950 49 77
71100 49
71250 77
71400 75 49
71550 73
71700 49 73
71850 49
72000 44
72300 75 44
72450 75
72600 44 75
72750 44
72900 75 44
73050 77 44
73350 77 44
73500 75 44
73800 73 44
73950 72
74100 44
74250 44
74400 70 51
74700 70 51
74850 70
75000 70 51
75150 70 51
75300 72 51
75450 73 51
75750 51 72
75900 51
76050 70
76200 51
76350 77
76500 51 75
76650 51
76800 44 75
77100 44
77250 73
77400 44 72
77550 44
77700 44
77850 44
78150 44
78300 44
78600 44
78900 44
79050 44
79200 49
79500 77 49
79650 77
79800 77 49
79950 49 77
80100 49
80250 77 49
80550 49 77
80700 49
80850 77
81000 75 49
81150 73
81300 49 73
81450 49
81600 44
81900 75 44
82200 44 75
82350 44
82500 75 44
82650 77 44
82950 77 44
83025 77
83100 75 44
83250 75
83400 73 44
83550 72
83700 44
83850 44
84000 70 51
84300 51
84450 70
84600 70 51
84750 51 72
84900 51
85050 73 51
85350 51 72
85500 51
85650 70
85800 51
85950 75
86100 51
86250 51
88800 44
88950 44
89100 44
89250 49
89550 49
89700 49
89850 42
90150 42
90300 49
90600 44
90900 42
91050 42
91200 44
91350 44
91500 44
91650 49
91950 49
92100 49
92250 42
92550 42
92700 49
93000 44
93600 44
93750 44
93900 44
94050 49
94350 49
94500 49
94650 42
94950 42
95100 49
95400 44
95700 42
95850 42
96000 44
96150 44
96300 44
96450 49
96750 49
96900 49
97050 42
97350 42
97500 49
97800 44
98400 49
98700 49
99000 49
99150 49
99300 49
99450 49
99750 49
99900 49
100200 49
100500 49
100650 49
100800 44
101100 44
101400 44
101550 44
101700 44
101850 44
102150 44
102300 44
102600 44
102900 44
103050 44
103200 51
103500 51
103800 51
103950 51
104100 51
104250 51
104550 51
104700 51
105000 51
105300 51
105450 51
105600 44
105900 44
106200 44
106350 44
106500 44
106650 44
106950 44
107100 44
107400 44
107700 44
107850 44
108000 49
108300 49
108600 49
108750 49
108900 49
109050 49
109350 49
109500 49
109800 49
110100 49
110250 49
110400 44
110700 44
111000 44
111150 44
111300 44
111450 44
111750 44
111900 44
112200 44
112500 44
112650 44
112800 51
113100 51
113400 51
113550 51
113700 51
113850 51
114150 51
114300 51
114600 51
114900 51
115050 51
120150 75
120300 75
120450 75
120600 75
120750 75
120900 75
121050 77
121350 77
121500 75
121800 72
121950 72
122100 75
122700 72
123000 72
123150 72
123300 72
123450 73
123750 72
124050 72
124200 70
124350 68
124500 68
125100 75
125250 75
125400 75
125700 75
125850 77
126150 75
126450 75
126600 72
126750 72
126900 75
127350 72
127500 72
127650 72
127800 72
128100 72
128250 73
128550 73
128700 72
128850 72
129000 70
129150 68
129300 68
129600 49
129900 77 49
130050 77
130200 77 49
130350 49 77
130500 49
130650 77 49
130950 49 77
131100 49
131250 77
131400 75 49
131550 73
131700 49 73
131850 49
132000 44
132300 75 44
132450 75
132600 44 75
132750 44
132900 75 44
133050 77 44
133350 77 44
133500 75 44
133800 73 44
133950 72
134100 44
134250 44
134400 70 51
134700 70 51
134850 70
135000 70 51
135150 70 51
135300 72 51
135450 73 51
135750 51 72
135900 51
136050 70
136200 51
136350 77
136500 51 75
136650 51
136800 44 75
137100 44
137250 73
137400 44 72
137550 44
137700 44
137850 44
138150 44
138300 44
138600 44
138900 44
139050 44
139200 49
139500 77 49
139650 77
139800 77 49
139950 49 77
140100 49
140250 77 49
140550 49 77
140700 49
140850 77
141000 75 49
141150 73
141300 49 73
141450 49
141600 44
141900 75 44
142200 44 75
142350 44
142500 75 44
142650 77 44
142950 77 44
143025 77
143100 75 44
143250 75
143400 73 44
143550 72
143700 44
143850 44
144000 70 51
144300 51
144450 70
144600 70 51
144750 51 72
144900 51
145050 73 51
145350 51 72
145500 51
145650 70
145800 51
145950 75
146100 51
146250 51
148800 44
148950 44
149100 44
149250 49
149550 49
149700 49
149850 42
150150 42
150300 49
150600 44
150900 42
151050 42
151200 44
151350 44
151500 44
151650 49
151950 49
152100 49
152250 42
152550 42
152700 49
153000 44
153300 44
153450 44
153600 44
153750 44
153900 44
154050 49
154350 49
154500 49
154650 42
154950 42
155100 49
155400 44
155700 42
155850 42
157350 49
157500 49
157650 49
157800 44
