0 55
285 55
571 62
857 55
1142 55
1428 62
2285 55
2571 55
2857 62
3142 55
3428 55
3714 62
4571 55
4857 55
5142 62
5428 55
5714 55
5999 62
6857 55
7142 55
7428 62
7714 55
7999 55
8285 62
9142 55
9428 55
9714 62
9999 55
10285 55
10571 62
11428 54
11714 55
11999 62
12285 54
12571 55
12857 62
13714 52
13999 55
14285 62
14571 52
14857 55
15142 62
15999 50
16285 55
16571 62
16857 50
17142 55
17428 62
18285 48
18571 60
18857 60 64
19142 60
19428 48
19714 64 60
20285 60
20571 48
20857 60
21142 60 63
21428 60
21714 48
21999 63 60
22571 60
22857 43
23142 55
23428 55 62
23714 55
23999 43
24285 62 55
24857 55
25142 43
25428 55
25714 55 62
25999 55
26285 43
26571 62 55
27142 55
27428 55 79
27714 55
27999 62
28285 55
28571 55
28857 62
29714 54 78
29999 55
30285 62
30571 54
30857 55
31142 62
31999 52 76
32285 55
32571 62
32857 52
33142 55
33428 62
34285 50 74
34571 55
34857 62
35142 50
35428 55
35714 62
36571 48 72
36857 60
37142 60 64
37428 60
37714 48
37999 64 60
38571 60
38857 48 75
39142 60
39428 60 63
39714 60
39999 48
40285 63 60
40857 60
41142 43 79
41428 55
41714 55 62
41999 55
42285 43
42571 62 55
43142 55
43428 43
43714 55
43999 55 62
44285 55
44571 42
44857 55
45142 55 62
45428 55
45714 52 76
45999 55
46285 55 59
46571 55
46857 52
47142 59 55
47714 55
47999 47 71
48285 55
48571 55 62
48857 55
49142 47
49428 62 55
49999 55
50285 76 48
50571 60
50857 60 64
51142 60
51428 48 72
51714 64 60
52285 60
52571 43 74
52857 55
53142 55 62
53428 55
53714 42
53999 55
54285 55 62
54571 55
54857 52 76
55142 55
55428 55 59
55714 55
55999 52
56285 59 55
56857 55
57142 47 71
57428 55
57714 55 62
57999 55
58285 47
58571 62 55
59142 55
59428 76 48
59714 60
59999 60 64
60285 60
60571 48 72
60857 64 60
61428 60
61714 50 74
61999 55
62285 66 62
62571 55
62857 50
63142 66 62
63714 55
63999 55 79
64285 55
64571 62
64857 55
65142 55
65428 62
66285 54 78
66571 55
66857 62
67142 54
67428 55
67714 62
68571 52 76
68857 55
69142 62
69428 52
69714 55
69999 62
70857 50 74
71142 55
71428 62
71714 50
71999 55
72285 62
73142 48 72
73428 60
73714 60 64
73999 60
74285 48
74571 64 60
75142 60
75428 48 75
75714 60
75999 60 63
76285 60
76571 48
76857 63 60
77428 60
77714 43 79
77999 55
78285 55 62
78571 55
78857 43
79142 62 55
79714 55
79999 43
80285 55
80571 55 62
80857 55
81142 43
81428 62 55
81999 55
82285 55
82571 55
82857 62
83142 55
83428 55
83714 62
84571 55
84857 55
85142 62
85428 55
85714 55
85999 62
86857 55
87142 55
87428 62
87714 55
87999 55
88285 62
89142 55
89428 55
89714 62
89999 55
90285 55
90571 62
91428 55
91714 55
91999 62
92285 55
92571 55
92857 62
93714 55
93999 55
94285 62
94571 55
94857 55
95142 62
95999 55 79
96285 55
96571 62
96857 55
97142 55
97428 62
98285 54 78
98571 55
98857 62
99142 54
99428 55
99714 62
100571 52 76
100857 55
101142 62
101428 52
101714 55
101999 62
102857 50 74
103142 55
103428 62
103714 50
103999 55
104285 62
105142 48 72 55
105178 64
105714 48 55
105749 64
106285 48 55
106321 64
106857 48 55
106892 64
107428 48 75 55
107464 63
107999 48 55
108035 63
108571 48 55
108607 63
109142 48 55
109178 63
109714 43 79
109749 55 62
110285 43
110321 55 62
110857 43
110892 55 62
111428 43
111464 55 62
111999 43
112035 55 62
112571 43
112607 55 62
113142 43
113178 55 62
113714 43
113749 55 62
114285 55 79
114571 55
114857 62
115142 55
115428 55
115714 62
116571 54 78
116857 55
117142 62
117428 54
117714 55
117999 62
118857 52 76
119142 55
119428 62
119714 52
119999 55
120285 62
121142 50 74
121428 55
121714 62
121999 50
122285 55
122571 62
123428 48 72 55
123464 64
123999 48 55
124035 64
124571 48 55
124607 64
125142 48 55
125178 64
125714 48 75 55
125749 63
126285 48 55
126321 63
126857 48 55
126892 63
127428 48 55
127464 63
127999 43 79 50
128047 62
128571 43 50
128618 62
129142 43 50
129190 62
129714 43 50
129761 62
130285 43 50
130333 62
130857 43 50
130904 62
131428 42 50
131476 62
131999 42 50
132047 62
132571 40 76 52
132618 59
133142 40 52
133190 59
133714 40 52
133761 59
134285 40 52
134333 59
134857 71 54 59
135440 54 59
136011 54 59
136583 54 59
137142 48 76 55 60
137714 48 55 60
138285 48 72 55 60
138857 48 55 60
139428 43 74 50
139476 62
139999 43 50
140047 62
140571 42 50
140618 62
141142 42 50
141190 62
141714 40 76 52
141761 59
142285 40 52
142333 59
142857 40 52
142904 59
143428 40 52
143476 59
143999 71 54 59
144583 54 59
145154 54 59
145726 54 59
146285 48 76 55 60
146856 48 55 60
147428 48 72 55 60
147999 48 55 60
148571 50 74 62
148606 66
149142 50 62
149178 66
149714 50 62
149749 66
150285 50 62
150321 66
150856 55 79
151142 55
151428 62
151714 55
151999 55
152285 62
153142 54 78
153428 55
153714 62
153999 54
154285 55
154571 62
155428 52 76
155714 55
155999 62
156285 52
156571 55
156856 62
157714 50 74
157999 55
158285 62
158571 50
158856 55
159142 62
