0 43 53 48 60 41
825 60 48 53 41
1602 44 51 56
1754 41
2417 44 51 56
2649 41
3218 58 51
3415 41
4020 58 51
4288 41
4810 53 58
5622 53 58
6413 60 53 48 41
7226 60 41 48 53
7993 41 44 51 56
8807 44 51 56
9004 41
9619 58 51
9841 41
10421 58 51
10758 41
11222 53 58
12013 53 58
12826 41
13220 65 41
13627 65
14012 67
14418 68 44
14813 75
15219 68 72
15812 72
16010 70 51
16405 68
16822 70
17217 68
17426 68 70
17612 58 46
18008 72
18414 58 70
18820 68
19018 65
19215 41
20018 65
20413 67
20795 41 68 44
21225 75
21620 72 68
22120 56
22411 44 70 51
22817 68
23223 70
23618 68
23817 70
24002 58 46
24212 70
24409 72
24815 70
25221 68
25431 68 65
25616 41
26418 67
26825 68
27208 44
28022 72
28417 70
28812 51
29624 67
30020 68
30415 46
32007 41
32424 65
32819 65
33225 67
33620 68 44
34017 68 75
34412 68 72
34992 56
35224 70 51
35609 68
36015 70
36189 44
36421 68
36618 70 68
36816 58 46
37222 72
37607 70
38013 68 70
38222 65
38419 41
39220 65
39616 67
40011 68 44
40418 75
40812 72 68
41427 72
41615 44 70 51
42010 68
42416 70
42822 68
43019 70
43217 58 46
43425 70
43613 72
44008 70 72
44425 68
44623 65
44809 41
45611 67
46017 68
46412 44
47213 72
47610 70
47667 41
48016 44 51
48411 72
48817 70
49212 68
49432 68 70
49608 58 46
50002 72
50420 70
50815 68
51024 65
51163 41
51302 41
51687 46
52012 67
52418 68
52813 44
53604 72
54010 70
54417 51 44
54812 72
55218 70
55614 68
55811 68 70
56009 58 46
56415 72
56821 70
57216 68 48
57612 49
58424 77
58819 75
59214 44
59621 68
60411 70
60817 51 44
61224 68
61609 70 68
62015 68
62212 70 68
62433 41
62816 72
63222 70
63607 68
64013 49
64825 77
65220 75
65616 44
66022 68
66823 70
67218 51
67358 44
67615 68
68021 68 70
68416 68
68613 70 68
68741 41
68904 41
69217 41 72
69415 41
69613 70
70019 68
70414 61 49
71226 77
71308 41
71622 75
72006 44
72423 68
72459 56
73224 70
73609 51
73911 44
74015 68
74422 70 68
74817 68
75025 68 70
75235 41
75608 72 60 41
76014 70
76420 68
76524 72
76815 61 49
77617 77
78023 75
78407 44
78836 56 68
79615 76
80021 48
80416 60 72
80474 76 44
80822 72 60 48
81614 48
82136 60
83227 41
84018 67
84424 68
84808 44
85621 72
85761 41
86016 70
86411 51 44
87223 67
87632 67
87887 68
88015 46
88827 68
89618 65 41
90419 67
90825 68
91220 44
92022 68 72
92417 70
92812 51 44
93300 70
93614 67
94020 68
94415 46
95100 58
95717 58
96019 41
96414 65 41
96820 65
97216 67
97599 68 44
98017 75
98412 72 68
98551 41
99027 72
99214 70 44 51
99609 68
100015 70
100421 68
100619 70 68
100816 46 58
101213 72
101607 70
102014 68
102222 65
102327 41
102362 53
102490 41
103211 65
103617 67
104012 44 68
104418 68 75
104813 72
105360 68
105407 56
105615 70 51
106010 68
106416 70
106533 44
106822 68
107032 68 70
107207 58 46
107416 70
107613 72
108020 70
108426 68
108623 65 68
108727 41
108902 41
109065 46
109612 67
110030 68
110413 44
111215 72
111633 70
112016 51 44
112817 67
113213 68
113619 46
113887 58
115001 58
115223 41
115618 65
116024 65
116419 67
116825 68 44
117210 68 75
117616 68 72
118196 68 75 56
118417 70 44 51
118823 68
119208 70 68
119614 68
119812 70 68
120020 58 46
120415 72
120821 70
121206 68
121415 65
121612 41
122425 65
122820 67
123216 68 44
123622 68 75
123773 41
124017 68 72
124620 72
124818 44 70 51
125214 68
125609 70 68
126015 68
126213 70 68
126410 58 46
126631 70
126816 72
127212 70 72
127607 68
127816 65
128001 41
128826 67
129211 68
129606 44
130418 72
130824 70
131197 51
131313 44
131615 72
132021 70
132416 68
132614 70 68
132811 58 46
133218 72
133613 70
134019 68
134217 65
134402 41
134705 46
135217 67
135623 68
136006 44
136819 72
137215 70
137610 51
137876 72 44
138016 72
138422 70
138817 68
139016 68 70
139201 58 46
139619 72
140014 70
140420 48 68
140792 60 49
141618 77
142024 75
142407 44
142825 68
142860 56
143616 70
144011 51
144417 68 44
144823 70
145208 68
145417 70 68
145625 41
145997 72 41
146230 41
146426 70
146821 68
147206 61 49
148031 77
148425 75
148808 44
149216 68
150017 70
150412 51
150818 68
151214 70 68
151620 68
151817 70 68
152026 41
152410 41 72
152631 41
152817 70
153212 68
153607 61 49
154431 77
154816 75
155198 44
155617 68
156430 70
156814 51
157209 68
157615 70 68
158021 68
158218 70 68
158427 41
158800 72 41
159218 70
159613 68
160008 61 49
160414 61
160810 77
161229 75
161611 44
162017 68
162052 56
162820 76
163215 48
163621 72
164016 60 48 72
164818 60 48
165201 72
165736 60
166432 41
167211 67
167629 68
168012 44
168802 72
169221 70
169604 51 44
170417 67
170813 68
171208 46
172020 68
172822 65 41
173032 46
173612 67
174030 68
174413 44
175215 72
175622 70
176017 51 44
176423 72
176808 70
177214 68
177422 70
177609 58 46
178015 72
178421 70
178806 68 48
179084 60
179212 49
179618 68
180024 67
180431 67
180804 44 68
181221 68 56
181616 72
182011 70
182430 70 44 51
182814 70
183209 67
183615 68
184021 68 41
184427 68
184812 68
185218 68
185624 65 49 68 61
186031 65 49
186425 67
186810 68
187216 68 44
187379 56
187622 68
188017 72 68
188423 70
188820 70 44 51
189226 70
189621 67
190027 67
190260 68
190422 68 41
190818 68
191213 68
191619 68
192025 65 49 61
192432 65
192665 41
192816 67
193222 68
193606 44 56 68
194023 68
194407 72 68
194814 70
195220 70 51
195279 44
195627 70
196022 67
196416 68
196813 68 41
196940 51
197219 68
197625 68
198020 68
198426 65 61 49
198822 65
199020 41
199217 67 61
199623 68
200007 44 56 68
200424 68
200809 72 68
201215 70
201610 44 72 60 48
201842 44
202027 72
202422 60 72 48
202807 72
203214 72 60 48
203283 44
203620 72
204026 60 72 48
204421 60 72 48
204817 72 48
204968 60
205223 72
205618 72 48
206024 72
206419 72 48
206699 60
208022 41
208429 65
208825 65
209220 67
209602 68 44
210021 68 75
210125 41
210427 68 72
211009 56
211218 44 70 51
211613 68
211683 44
212019 70 68
212415 68
212613 70 68
212810 58 46
213216 72
213622 70
214006 68
214226 65
214413 41
215225 65
215620 67
216015 68 44
216412 68 75
216818 68 72
217421 72
217619 70 51
218014 68
218421 70
218816 68
219013 70 68
219211 58 46
219420 70
219617 72
220023 70
220419 68 48
220640 60
220814 49
221626 77
222034 75
222394 44
222812 68
223625 70
224008 51
224405 68
224822 70
225217 68
225425 68 70
225554 41
225705 41
226007 72 41
226402 70
226820 68
227204 61 49
228016 77
228179 41
228423 75
228795 44
229213 68 56
230026 70
230411 51 44
230817 68
231212 70
231363 44
231618 68
231826 68 70
232036 41
232397 72 41
232815 70
233221 68
233616 49
233895 61
234407 77
234569 68
234824 75
235196 44
235475 56
235614 68
236417 70
236812 51 44
237218 68
237613 70
238019 68
238227 70 68
238426 41
238798 72 41
239018 41
239216 70
239622 68
240017 61 49
240819 77
240993 68
241225 75
241609 44
241818 56
242026 68
242817 76
243236 48
243619 72
244025 48 72
244293 60
244827 60 48
245489 60
245629 48
246431 48
247220 48
248033 48
248823 48
249625 48 60 65 41
250416 65 60
251229 73 65 61 49
252018 73 61 65 49
252240 41
252832 51 65 58
253621 51 65 58
254423 65 49 58
255224 65
255619 67
255782 49
256014 44 68 63
256817 68 63 44
257630 64 59 52
257711 40
258420 52 64 59
258524 40
259210 60 65
259244 41
259616 52
260022 60 65
260813 61 49 65
261092 73
261185 68
261406 73
261625 73 65 49 61
261799 41
262416 51 65 58
262835 61
263217 70 51 65 58
263763 46
264019 70 65 49 58
264821 65
265216 67
265379 49
265611 44 68 63
266413 68 44 63
267214 64 52 59
267342 40
268026 64 59 52
268133 40
268481 71
268817 60 65 41
269631 65 60
270421 65 61 49
270676 73
270722 41
271036 73
271222 73 65 49 61
271431 41
272013 65 58 51
272825 70 51 65 58
273615 70 61 65 49 58
274417 65
274812 67
275207 44 68 63
276009 44 68 63
276822 64 59 52 44
276938 40
277623 64 59 52
277716 40
278170 71
278414 60 41
278448 65
279226 65 60
280017 65 61 49
280563 73
280818 73 49 61 65
281027 41
281155 68
281364 49
281631 65 51 58
282421 70 51 65 58
283222 61 65 49 58
284025 65
284420 67
284804 44 63 68
285325 58
285616 44 64 59 52
285686 40
286407 68
286592 71
