0 57
652 60 45
978 52
1304 57
1956 57 62
2282 52
2609 64 45
2935 52
3261 57
3587 60 65
3913 57 64
4239 52
4565 62 43
4891 50
5217 55
5543 59
5869 55 59
6195 50
6522 55 43
6848 50
7500 59 57
7826 55 59
8152 50
8478 60 45
8804 52
9130 57
9782 57
10109 52
10435 57 45
11087 60
11413 64 56
11739 60 57
12391 59 40
12717 56
13369 64
13695 59 56
14348 52 40
14674 56
15000 59
15326 64
15652 59
15978 56
16304 60 45
16630 52
16956 57
17609 57 62
17935 52
18261 64 45
18587 52
18913 57
19239 60 65
19565 57 64
19891 52
20217 62 43
20543 50
20869 55
21195 59
21522 55 59
21848 50
22174 55 43
22500 50
23152 59 57
23478 55 59
23804 50
24130 60 45
24456 57
25109 64 59
25435 60 57
26087 56 40
26739 59
27065 64 54
27391 59 56
28043 45 57
28695 60
29022 64
29348 60
30000 45 57
31956 48 67
32282 55
32608 60
32935 64
33261 60
33587 55
33913 67 48
34239 52
34565 55
34891 60 66
35217 55 64
35543 52
35869 62 43
36195 50
36522 55
36848 59
37174 55 59
37500 50
37826 55 43
38152 50
38804 59 57
39130 55 59
39456 50
39782 60 45
40108 52
40435 57
41087 57
41413 52
41739 57 45
42391 60
42717 64 56
43043 60 57
43695 59 40
44022 56
44674 64
45000 59 56
45652 40 52
45978 56
46304 59
46630 64
46956 59
47282 56
47608 48 67
47935 55
48261 60
48587 64
48913 60
49239 55
49565 67 48
49891 52
50217 55
50543 60 66
50869 55 64
51195 52
51522 62 43
51848 50
52174 55
52500 59
52826 55 59
53152 50
53478 55 43
53804 50
54456 59 57
54782 55 59
55108 50
55435 60 45
55761 57
56413 64 59
56739 60 57
57391 56 40
58043 59
58369 64 54
58695 59 56
59348 45 57
60000 60
60326 64
60652 60
61304 45 57
