0 71 47
272 74 47
545 78 47
818 71 47
1090 74 47
1363 78 47
1636 70 46
1909 73 46
2181 78 46
2454 70 42
2727 73 42
3000 78 42
3272 71 47
3545 74 47
3818 78 47
4090 68 44
4363 71 44
4636 76 44
4909 78 66 42
5181 71 42
5454 74 42
5727 78
6272 78
6545 71 47
6818 74 47
7090 78 47
7363 71 47
7636 74 47
7909 78 47
8181 68 44
8454 71 44
8727 76 44
9000 68 40
9272 71 40
9545 76 40
9818 67 43
10090 71 43
10363 76 43
10636 66 42
10909 73 42
11181 78 42
11454 71 47
11727 74 47
12000 78 47
12545 78
12818 74
