0 79
210 76
617 76
826 78
1036 79
1255 76
1442 76
1871 79
2092 78
2277 76
2499 74
2697 79
2917 76
3336 76
3544 78
3753 79
3962 79 76
4578 79
4788 78
4986 76
5217 74
5426 76
5636 79
5844 76
6250 76
6461 78
6670 79
6891 76
7505 79
7726 79
7924 76
8133 74
8353 79
8552 76
8970 76
9191 78
9388 79
9597 76
10224 79
10434 78
10597 76
10841 74
11049 76
11270 74 79 67
11479 64
11699 69
11886 64 76
12105 78 66
12315 67 79
12525 64 76 67
12722 71 64
12920 69
13117 67 79
13338 66 78
13523 79 76 64
13559 66
13755 74 62 71 64
13965 79 67
14162 79 64 67
14243 43
14361 69
14559 64
14755 78 66
14884 62
14976 79 66
15185 66 64 76
15383 66 71 64
15545 67
15592 76 64 69
15789 79 67 64
15917 43
15998 66
16102 71
16207 67 76 64
16383 78 74 66 62 64
16591 64 76
16730 43
16823 79 67
17033 76 64
17229 69
17439 64
17648 78 66
17857 67 79
18077 76 64 66
18274 71 64
18462 69
18671 67 79
18879 66 78
19066 79 76 64
19100 66
19297 74 62 71 64
19507 67 79
19646 43
19704 64 67
19924 62 69 64
20122 76 64
20309 66
20390 62
20518 79 67
20727 64 76 79
20924 71 64
21134 76 64 69
21330 79 67 64
21551 66
21748 64 76
21958 78 74 62 64 71 66
22155 76 64
22330 52 40 79
22563 76 52
22760 43
22958 52 76 40
23178 78 57 59 45
23375 79 52 40
23596 76 59 47
23793 52 40
23991 40 52 47
24199 79 52 40
24375 59
24410 78
24479 43
24608 52 40 76
24653 55
24816 57 45 43 40 74
25025 79 52 40
25222 40 52 76
25432 40 52 43
25629 40 76 52
25675 55 43
25838 59 78 57 45 52
26023 40 52 79
26244 47 76
26454 52
26664 47 59 40
26872 79 71
27023 59
27082 78 43
27291 76 52 43
27360 55
27429 59
27488 57 45 74 40
27697 52 40
27778 59
27905 79 52
27975 40
28126 76 52
28314 52 43
28511 76 40 52 43
28569 55
28720 59 78 57 45 40
28905 52 40
28940 79
29138 79 52
29219 47
29335 52
29440 40
29544 47 52
29614 40
29753 79 52
29846 43
29950 59 78 40
30009 43
30148 52 76 40 43
30229 55
30346 57 40 74 45
30544 52 40 79
30752 52 76
30915 59
30950 43
31147 43 52 40 76
31205 55
31357 59 78 45 57
31566 52 79
31774 59 47
31972 40 52
32169 40 59 47 52
32368 79 52 40
32553 59 78 43
32589 40
32786 52 76 43
32878 55
32995 74 57 45 40
33169 76 52
33239 40
33390 67 52 79 40
33598 64 52 67 40
33808 69 43
34017 52 64 55 40
34202 59 57 66 45
34413 79
34610 47 76 64 52
34830 71 52 64 40
35027 57 52 71 69 47 40
35225 79 67 52
35422 47 78 43 66 59
35458 40
35620 52 43 76 40
35829 57 62 55 74
35864 45
35979 40
36049 79 67 45
36166 40
36445 43 69
36632 40 76 64 52 43
36840 45 78 59 57 66
36875 40
37061 79 52 40
37270 76 47
37467 71 52
37548 40
37676 69 40
37886 67 71 40
38071 66 43 71
38270 52 76 66 64 43
38327 55
38478 45 74 62
38688 64 40 52
38896 79 67
38954 40
39083 64 52 67
39198 43
39303 69
39338 43
39512 76 52 64 40 43
39697 59 45 66
39733 57
39837 55
39907 40 67 52
40116 79 76 52 67 47
40314 64 71 52 40
40512 69 57 47 52
40582 43
40616 40
40720 67 52 79
40825 40
40895 59 78 66 43
41092 40
41127 52 64 76
41173 55
41336 74 62 55 45 40
41371 43
41534 79 40 67 47
41730 52 76 79 67
41940 43
42137 64 52 43
42324 45 66 57
42451 62
42510 52 79 55 67
42568 47
42730 79 52 40 64 47
42927 40 64 52 71
43114 40 59 57 52 47
43207 45
43346 79 71 67 40
43497 59
43543 43 78 66
43728 40 64 52 43 57
43787 55
43949 45 74 55 57 62
44147 64 52
44358 40 71 52
44392 67
44566 67 79
44810 52
44984 52 59 40 71 67 55
45193 71 52 67
45251 40
45611 47 71 66
45680 50
46005 40
46041 79 71 67 52
46158 40
46227 79 67 71
46448 40 67 79
46645 71 59 55 67
47040 52 79 71 67
47145 40
47272 66 50 71
47667 40
47714 67 71 52
47841 40
47899 79 67 71
48120 52
48319 55 79 71 67 40 59
48516 71 67 40 52
48934 59 71 66 50
49375 52 67 40 71
49572 71 67 40 52
49770 71 67 52 40
49967 71 52 67 40
50200 50
50479 59
51014 77
51222 50 74
51432 79 41
51617 50 74
51908 43
52047 77
52082 55 50
52234 45 57
52269 74
52443 50
52675 79 45
52872 77
53093 57 41
53267 74 50
53499 72 60 43
53603 53
53697 74 43 55
53778 50
53917 50 77
54104 74
54150 50
54325 79 41
54511 74
54558 50
54732 57 43
54928 43 50 55
55126 57 50 74
55172 45
55219 43
55346 57 50
55567 79 50
55765 77 45 50
55985 76 57 41
56184 74 50
56393 72 53
56509 60 43
56590 74 50 55
56811 40 71 67 52
57020 71 79 67
57252 52
57415 47 79 71 67 59 55
57508 40
57635 47 79 71 67 52 40
58066 78 71 66
58136 50
58425 40
58484 79 67 52 71
58600 40
58682 71 79 67
58890 71 79 67
59099 71 55 67 59
59528 50
59702 69 50
60145 71 67 52 40
60332 67 71 79
60784 79 67 59 55 52
60970 79 52 71 67 59
61051 40
61388 78 71 66 50
61480 59
61817 40 67 79 71
62015 67 52 40
62213 71 67 40
62422 52 71 40 67
62480 59
62643 59 50 66
62805 71
63699 74 50 77
63920 41 79
64095 41 74 50
64327 57 43
64420 55
64537 77 50
64745 74 50 57 45
64932 50
65151 79
65372 50
65570 57 41
65778 74 50
65988 72 41
66070 43
66117 55
66163 74 50
66384 77
66569 74
66663 50
66790 79 41
66964 50 74 41
67185 57 76 43
67301 55
67383 50
67521 77
67626 45 57 74
67823 57
67870 50
68022 79
68254 50
68451 57
68521 41
68649 74 50
68812 53 41
68846 60 72
68916 43
69055 74 43 55 50
69299 50 64 72
69473 45 50 72 69
69717 45
69915 52 72 69 48
70101 45 52
70543 71 55 43
70705 71
70984 72
71170 72 64 69
71390 69
71588 69 72 52 48
71715 64
72007 71 55 74 43
72204 52 71 55 74 43
72669 45 72
72854 50 45 69
72994 72
73272 52 69 48
73493 45 72 48
73922 71 52
73993 43
74353 72 69 45
74563 45 72
74667 64
74771 69 45
74957 57 72
75201 52 74
75270 40
75445 67
76143 45
76177 79
76387 76
76804 76
76978 40 78
77222 79
77420 76
78048 79
78268 79
78466 76
78663 74
78907 79
79104 76
79522 76
79720 78
79918 79
80127 76
80324 78
80754 79
80963 78
81172 76
81393 74
81590 76
81799 67 79
81998 79 64
82207 69
82416 64 76
82613 66 64
82822 67 79 64
83032 64 66 79
83228 64 71
83438 69
83635 79 67
83682 69
83855 66 78
84054 79 76 64
84263 78 71 62 66 74
84472 79 67
84669 76 64
84797 43
84878 69 62
85075 76 64
85285 78 66
85401 62
85505 79 67
85714 64 76
85901 71 64
86111 69
86308 67 79
86505 66 78
86655 79
86691 71 76 64
86923 74 64 71 62
87132 76 64
87352 79 67
87550 76 64
87759 69
87805 62
87958 76 64
88143 78 66
88352 62 67 79
88562 76 64 66
88782 66 78 64 71
88979 69
89188 79 67
89397 78 66
89607 79 67 76 64
89676 71
89803 78 66 62 74 64
90002 79 67
90211 64
90420 69
90629 76 64
90815 78 66
90873 62
91024 67 79
91244 64 67
91430 64 71
91639 69
91826 67 79
92036 66
92244 76 64 66
92453 64 74 62
92639 64 76
92848 40 79
93069 76 52 40
93277 43 40
93475 76 52 43
93557 55
93684 78 59 57 45
93871 52 79
94068 47 59
94277 52
94463 40
94602 40
94684 79 52
94893 59 78 43
95090 40 52 76 43
95125 55
95311 57 74 45
95519 79 40 52
95728 76 52 79
95927 52 43
96113 52 40 76
96171 55
96334 78 57 45
96519 40 52 79
96740 76 47
96937 59 47 52
96995 40
97146 59 71 47 52
97204 40
97344 79 52
97437 43
97541 59 78
97657 43
97762 76 52
97891 55
97948 74 45 57 43
98158 52
98367 55 67 79
98401 40
98587 52 67 40
98796 43 69 40
98970 76 45 64
99005 52 40 43
99051 55
99191 59 40 66 45 57
99400 52 67 40 55 45
99563 79
99597 52 40 76 47
99796 64 52 71
99900 40
100004 57 69 47 52
100098 40
100214 71 67 52 79
100388 59 43 66
100609 43 52 64 40
100655 55
100818 45 64 74 62 55 40 43
101026 79 67 40
101224 52 67 79 76 40
101421 69 43
101619 52 64 40 43
101712 55
101817 59 66 57 45
102015 79 52 55 40 67
102223 79 59 52 40 64 47
102433 59 71 52
102502 40
102629 59 52 69 47 57
102723 40
102827 67 52
103024 59 78 43 66
103234 64 76 52 43 55
103454 74 57 45 62 55 43
103651 64 52
103850 40 52 71 67 79
104060 67
104105 40
104211 67
104292 40 52
104477 79 59 71 67 43 55
104617 40
104686 71 52 67
104802 40
105104 47 71 66
105174 50
105522 40 67 52 79 71
105719 67 71 79
105929 71 67
106139 55 59 71 67
106324 79
106534 79 52 71 67
106626 40
106766 50 66 71
107195 40 79 71 67 52
107380 71 79 67
107601 52 40
107800 67 55 71 40 79 59
107997 71 40 52 67
108427 78 59 71 66 50
108868 52 67 40 71
109054 67 52 40
109263 71 67 40
109461 71 52 67
109588 40
109682 59 69
109728 50
110507 77
110704 50 74
110913 79 41
111111 50 74 41
111343 43
111517 55 43
111587 50
111703 77
111750 45 74
111936 50
112145 79 45
112574 57 41
112761 74 50
112993 43 60
113167 55 74 43
113260 50
113411 50 77
113608 74 50
113807 79 41
114003 74 50 41
114109 60
114224 57 43
114411 50 43 55
114619 57 45 50 74
114840 57 50
115049 50 79
115258 50 45
115490 57 41
115665 74 50
115874 53 43 72
116084 43 50 74 55
116303 71 67 40 52
116501 71 67
116745 52
116919 47 71 59 55 67
117059 40
117140 52 79 67 71
117233 40
117558 71 66
117639 50
117896 40
117966 52 71 67
118093 40
118163 71 67
118407 52 67
118592 71 55 67 59
118998 50 69
119208 50
119625 59 71 67 52 40
119836 79 71 67
120045 52
120266 71 67 79 55 40 59
120463 71 67 52
120544 40
120869 59 78 66 71
120927 50
121311 52 67 40 71
121508 67 40 52 71
121707 71 67
121788 40
121903 71 52
121939 67
122032 40
122124 59 66 50
122485 40
123192 50 74
123413 41 79
123599 74 41 50
123821 43
123937 55
124018 77 50 43
124239 50 74 57 45
124424 50
124645 79
124866 50
124923 41
125074 41
125261 74 50
125435 53
125469 72 43
125645 55 50 74
126063 74 50
126284 79 41
126469 50 74 41
126701 76 43
126817 55
126957 50
127119 45 74 57
127317 50 45
127525 79
127736 50
127945 57 41
128142 50 74
128340 60 43 72
128548 74 55 50 43
128792 72 64 50
128978 72 69
129198 45
129408 69 52 72 48 45
129607 69 64 57 72
130036 71 43
130128 79
130245 55
130466 72
130640 45
130674 72 69 64
130884 72
131058 52 69 64 48
131243 72
131511 55 43 74
131697 79 74 71 55 43
131871 64
132162 57 64 50 45 72
132360 72 69
132777 52 48 69 72
132986 45 52
133021 48
133404 67 52 71
133439 64
133486 43
133614 55
133672 43
134044 45 64 72
134265 69 45
134450 72 45
134694 40 52 67
134857 40
135507 47
135613 67
135845 52
136030 69
136240 64
136448 66
136669 67
136866 64
137064 71 52 64
137261 69
137470 67
137669 66
137877 64
138087 67 62
138296 79 67
138504 64
138702 69
138911 64
139097 66 69
139317 67
139527 64
139725 64 71
139934 69
140132 67
140364 67
140491 71
140561 64
140770 62 64
140978 64
141199 79 67 64
141397 67 64
141608 69
141816 76 64
142014 78 66
142222 79 67
142432 76 64
142641 76 64 71
142849 69
143059 79 67
143255 66 78
143442 79 64
143476 76
143570 71
143664 62 64 74
143872 76 64
144082 79 67 62
144290 64 79 76
144499 69
144697 64 76
144905 78 66
145115 67 79 62
145323 76 64 67
145522 64
145720 69
145928 79 64 67
146161 79
146359 76
146578 74
146788 76
