0 59
442 71 59
1093 59
1325 59 71
1535 59
1756 62
2196 74 62
2417 74
2860 62
3080 74 62
3510 57
3718 45 57
3950 69 57
4624 57
4775 45
4845 57
5055 69
5264 59
5706 71 59
6379 59
6599 71 59
6704 78
6820 74
7030 71 47 59
7250 69
7471 71 47 54 59
7692 74
8133 47 59 69 54
8354 71 59 54 47
8574 69
8794 59 71 62 50
9005 71
9225 71 57 50 62
9388 45
9446 78 57 50
9899 57 62 50
10108 57 76 50 62
10224 71
10549 71 45
10769 69
10991 57 52 45
11212 74
11654 45
11874 71 57 52
11943 45
12094 57
12304 47 71 59
12524 69
12757 71 47 54 59
12955 74
13408 69 59 47
13629 71 59 47
13744 42
13837 50
14069 47 71
14290 69
14499 43 62 50 71 59
14650 47
14732 74 62
15162 69 54
15243 47
15371 50 71 62 59 47
15580 69
15823 59 71 50
16056 50
16254 45 62 71 57 50
16486 62 71 50 57
16613 78
16929 54
17148 76 50 62 57
17207 45
17590 71 52 45
18031 71 52 57 61 45
18252 57 74 52 61
18682 45 52 61 64
18891 71 52 45 61
18961 57
19100 45 57
19344 59 71 47
19565 69
19750 43 50
19786 59 62 71
19994 74 62
20447 69 54
20657 50 71 47 62 59
21110 62
21319 54
21540 62
21656 59
21761 54
21981 62
22074 43
22190 59 54
22422 62
22527 43
22655 54
22748 59
22853 62
22969 43
23073 54 59
23294 62
23410 59
23445 43
23527 54
23736 62
23829 43
23956 54
24072 59
24188 62
24305 59
24339 43
24409 54
24630 47 54
24840 59 62 54
24944 66
25048 71 47
25165 74
25269 78 71
25443 43
25490 47
25711 71
25942 47
26303 47
26605 59
26803 47 78
27023 71 74
27244 47 71
27465 47 78 66
27697 62
27917 71 59 47
28149 47
28778 71
29010 47 59 78 71
29452 47 71 59 78
29672 71 76 59
29892 50 71
30555 69
30765 78 69 50
31206 69 78 50
31427 69 50 76
31461 57
31647 52
31740 45
32309 61 73 64 45
32530 61 73 64 45
32797 76
32960 61 73 64 45
33413 74 64 52 40
33622 73
33842 68 73 64 40 52
34052 76
34295 52 74 64 68
34330 40
34516 68 64 73 52
34727 68 76 64 71 52 73
35144 71 47
35830 71
36049 78 71 47 59 54 62
36480 78 47 71 62 59
36690 76 47
36921 50
37363 69
37584 69 57
37816 57 62 54
38024 57 50
38234 50 57 69
38688 45 49
39140 40
39303 49
39361 45
39523 61
39570 57 64 45
39779 73 76 57 45
39872 52
39999 69 76 57
40267 49
40871 62
41081 45
41196 43 40
41266 45
42254 47
42590 51
42859 71
43067 78 47 71 62 59
43288 54
43509 71 47 59
43729 76
43961 50
44613 69 50
44833 78 45 62 54 57 50
45263 78 62 50
45495 50 76
45716 45
46378 73 45 69
46588 73 69 61 64 57 45
46808 69 61 57 73
47029 45 52
47261 74
47365 40
47482 52
47574 40
47911 73
48132 73
48353 74 64 59 52 56
48387 40
48563 73
48795 52
48877 40
49236 47
49816 47
50107 78 47 71 62 59 54
50328 78 59 62 71
50561 59 47
50770 76
50990 50
51432 69
51653 69 57
51698 62
51872 62 50 45 54 57
52325 50 54
52511 50 69
52745 45
53639 64 57 61
53709 45
53847 64 57
54068 73 61 45
54289 71 52
54940 71
55393 71 62 66 59
55533 54
55684 50
55822 47 71 66 62 50
55973 42
56124 50
56275 47
56695 78 74
57136 78 47 54 62 59
57578 78 47 74
58018 78 74 62 50
58460 74 50 78 62
58902 78 62 57 50
59018 54
59355 50
59784 45
60225 73 69 45
60657 73 45 61 64 57
61097 45 73
61539 52 76 40
61980 52 71 76 40
62421 76 64 59 52 40
62481 56
62864 40 52
63293 59 71 47 40
63525 76
63734 78 59 71
63873 47
63955 71 76
64175 47 78 54 62 59
64607 71 47
65059 50
65500 69 50 78
65709 76 57
65756 62
65930 78 50 62 57
66058 54
66371 71 50
66813 73
66918 45 78
67034 57 76
67255 73 69 45 78
67475 73 76 45
67696 64 73 78 61 57 45
68137 71 52 45
68580 44
69009 71 68
69230 71 68
69450 71 64 56 59 44
69891 74 71 44
70344 47
70543 78 71 59 47
70763 76 71
70984 71 74
71205 76 47 59 62 54
71646 42 71 47
71785 42
71878 50
72098 50
72308 78 50
72437 78
72518 76
72599 57
72738 74 62
72970 76 62 57 50 54
73412 71
73505 45
73539 50
73667 42
73737 50
73853 45
74062 57 61 76 73 45
74283 76 73 45
74493 69 61 76 73 45
74725 73 64 76 61
74783 45 57
75166 76 45 73
75329 40
75527 45
75608 52 40
75828 76 71 52 40
76037 76 71
76269 76 52 71
76480 64 76 59 52 40
76537 56
76920 40 59 64 52
77025 47
77094 40
77141 44
77269 40
77385 47
77583 78 71 59 47
77803 71 76
78023 74
78256 73 47 54 59 62 76
78687 71 47
78814 42
78907 50
79128 50
79337 78 50
79558 76
79662 57
79778 74 62
80010 45 76 54 57 73 62
80103 50
80441 71 54
80511 50
80557 45
80696 42
80778 50
80882 45
81091 73 45 69
81312 73 45 69
81544 73 69 45
81764 73 69 45
82206 61 69 73 45
82637 52 47
82694 40
82845 52 47 76 71
83066 68 76 71 52
83298 76 71 52
83519 52 76 71 47
83960 78 71 47 76 52 40
84414 47
84623 54
84844 71
85053 71 59 54
85273 78 71 59 54
85494 78 71 59 54
85935 54 76 47
86156 50 62
86366 57
86598 62 57
86818 57
87028 78 62 57 50
87248 78 45 62 57 50
87481 62 57
87689 76 45 57 62
87910 45
88142 52
88353 57 45
88573 52
88793 73 64 45 57 52
89014 73 64 76 57 52 45
89235 73 64 57 52 45
89456 45 73 64 57 52
89677 52 74 64 68 40
89896 47
90117 52 73 64 68
90537 40 73 64 52 68
90768 47
90989 71 52 64
91210 47 52 71
91431 59 47
91663 54
91871 71 59
92092 71 59 54
92303 78 71 59 47
92523 71 59 78 54
92743 71 59
92964 76 47 54 71
93196 62
93255 50
93417 57
93625 69 62 57 50
93858 69 62 57 50
94067 69 62 45 57 50
94289 57
94498 69 62 57
94731 57 69 62
94939 45
95171 64 52
95392 73 45
95496 69 57
95600 73
95717 76 57 52
95821 73
95938 57 76
96042 52
96264 52 73
96311 57 45
96485 71 57 52
96706 40
96925 47
97158 47 52
97356 47 52
97588 52
97808 64 47 52 40
98029 52 64
98133 76
98239 59 71 40 52 47
98448 47
98900 62 71
99040 43
99121 71 54
99331 47 78 59 71 62
99574 54
99783 78 47 71 59 62
100004 76 54
100214 50
100435 57 62 54
100667 45 54 50 62 57
100875 54
101085 45 54 78 62 50 57
101329 54
101538 78 62 54 45 50 57
101758 57 76 62 54
101979 52 45
102200 52
102421 57 61 45
102630 57 52
102677 61
102862 73 69 61 57 45
103083 69 61 52 73 57 45
103304 61 52 57 45
103524 45 68 74 52
103570 40
103744 52 40
104174 73 56 59
104385 52 73 40
104617 74 44 59 52 56
104652 40
104825 40 73 52
105058 71 52 59 44 56 40
105290 52
105499 47
105917 43 62
105952 59
106161 71 59 54
106371 78 71 62 47 59 54
106592 71 59 78 54
106824 71 62 59 47
107033 54 76
107265 50
107474 50
107694 45 69 57 50
107811 54
107927 62 57 50 69
108147 45 62 57 50 54
108358 57 50 62
108579 57 69 54
108787 45 57 50
109008 45
109229 52
109461 57 52 61 45
109682 52
109902 52 57 45 61
110122 57 52 64 45
110321 73 52 57 61 64 45
110542 52 71
111215 71
111657 71 66 62 59
111795 54
111946 50
112097 71 47 50 62 59
112238 42
112285 50
112378 71
112529 62 47 71
112958 47 78 71 62 74
113399 78 47 62 59
113468 54
113852 74 47
114294 78 74 62 50
114492 78
114723 74 78 62 50
115165 78 62 57 50
115281 54
115618 57 50
116141 45
116479 69 45 76 73
116919 76 64 61 57
117000 45
117361 45 73 76
117802 52 76 40
118233 71 52 76
118673 76 44 64 59 52 40
118743 56
119045 40
119127 52
119208 40
119568 59 78 71 47
119788 76
119997 78 59 71
120138 47
120219 76
120405 71 47
120440 78 54 62 59
120881 71 47
121322 50
121763 69 78 50
121972 76 57
122007 62
122194 78 62 50 54 57
122647 71 50
123077 73 45 78
123297 57 73 45 76
123518 78 45 73 69
123738 76
123959 78 64 61 45 57
124088 78
124390 52 71 45
124842 44 71
125272 71 68
125493 71 44 68
125713 64 71 59 56 44
125887 64
126156 74 71 44
126597 47
126806 78 47 71 59
127027 76 71
127200 47
127247 74 71
127480 73 54 71 47 76 62
127920 71 59 47
128038 42
128142 50
128352 50
128560 78 50
128699 78
128781 76
128897 57
129002 74 62 50
129234 45 76 62 50 57 54
129674 71
129744 50
129780 45
129931 42
130106 45
130327 73 69 45
130547 73 69 45
130767 45 69 73
130999 64 57 45 61
131441 45 73
131545 40
131778 40 45
131870 52
131974 40
132081 71 52
132290 71 52
132522 52 71
132742 64 59 52
132778 40
132823 56
133184 59 52
133335 47
133416 44
133543 52 40
133637 47
133845 47 78 71 59
134067 59 71 76
134148 47
134288 74 71
134509 71 73 54 59 47 76 62
134949 71 59 47
135078 42
135170 50
135391 50
135599 78 50
135832 76
135879 57
136042 50 74 62
136263 45 76 54 62 57 50
136704 57 71 54
136773 50
136809 45
136913 50
136960 42
137134 45
137366 73 45 69
137586 73 45 69
137807 73 45 69
138017 73 45 69
138446 61 73 45 69
138911 74 52 47
138981 40
139120 52 47 76 71 40
139341 68 76 71
139561 76 71 47 52
139782 47 71 76 52
140202 47 78 71 76
140364 52
140666 47 74 66 62 40 59
141362 47
141536 62 74
141757 76
141920 59
142199 76 73
142420 54 62 50 57
144174 73 45 57 61 64
144743 45
145057 73 61
145278 71
145730 71
145940 44 71 56 59 52
147438 40
147705 66 71 74 47
147915 42
148194 47
148357 50
148554 42 47 66 71 59 54 74 50
148786 42 54 71 76 47 59
149018 54
149228 42 66 54 73 50
149471 50
149668 45 50
149890 50
150111 50 54 45
150332 62 57 45
150553 62 50
150772 57 45
150993 73 54 57 45
151191 69 64 45 73
151446 40
151655 45
151854 49
152074 40 73 52 64
152307 71 52
152388 57
152528 52
152747 71 52 57 49 45
152968 47 40 52 71
153200 47 52 40 59
153397 47 71 52 59 40
153642 52
153852 71 59 52 40
153887 47
154282 71 40 59 52
154328 47
154525 52 47
154722 47 59
155164 78 74
155372 71
155605 78 74 47 62
155674 54
156036 78 47 74
156478 62 78 74 50
156918 74 62
157371 78 54 62 57
157429 50
157812 50
158243 45
158684 61 69 76 73 45
159125 73 76 64 61 57 45
159566 73 76 45
159986 40 76 71 52 47
160439 68 71 52 76
160868 47 52 64 59
160903 40
160949 76 56
161321 52
161403 40
161762 78 71 47 40
161972 76
162031 59
162193 59 78 47 71
162414 76
162611 71 78 47
162646 76 54 62 59
163075 71 47
163529 50
163947 78 50 69
164168 76 57
164203 62
164389 78 45 62 57
164458 50
164516 54
164841 71 50
165271 45 78 73
165504 76
165723 69 73 76 78 45
165934 76
166143 78 73 61 64 57 45
166294 61
166584 71 52 45
167060 44
167479 71 68
167698 68 71
167909 64 44 59 56
168177 71
168350 74 71 44
168803 47
169012 78 59 47 71
169233 76
169454 74
169673 47 76 54 62 73 59
170116 71 59 47
170244 42
170558 50
170766 78 50
170987 76
171057 57
171208 74 62
171429 45 54 76 62 57
171579 50
171870 71 54
171940 50
171975 45
172125 42
172195 50
172312 45
172533 73 69 45
172741 73 69 45
172962 69 45 73
173194 64 57 61 45
173635 73 45
173788 40
173996 45
174066 52 40
174275 71 52
174495 71
174716 52 71
174937 64 59 52 56
174984 40
175390 59 52 40
175494 47
175610 44
175680 52
175739 40
175820 71 47
176041 71 76
176250 47 71 59 78
176483 71 59 76
176703 78 47 71 59 62 54
177144 71 59 47
177271 42
177377 50
177481 47
177585 50
177795 78 50
178016 76
178120 57
178237 74 62
178469 73 45 76 62 54 57 50
178910 71 54
178980 50
179014 45
179154 42
179352 45
179560 57 73 45 76
179770 73 45 76
180003 69 76 73 61 45
180223 73 64 61 76 45
180282 57
180653 52 61 57 73 76 45
181153 52
181315 76 71 47 52 40
181546 76 71 47 52
181757 76 71 47 52
181838 40
181978 71 52 76 47
182047 40
182419 71 40 52
182465 47
183185 40
184823 59
