0 78
1333 76
2666 74
4000 73
5333 71
6666 69
8000 71
9333 73
10000 74
10333 76
10666 78
12000 76
12333 79
12666 78
12778 79
12889 78
13000 76
13333 74
14333 76
14500 74
14666 73
15000 78
16000 79
16333 78
16444 79
16555 78
16666 76
17000 79
17333 78
17666 76
18000 74
18111 76
18222 74
18333 69
18666 71
19000 69
19333 67
19666 74
20000 73
20083 74
20166 73
20250 74
20333 73
20416 74
20500 73
20583 74
20666 73
20750 74
20833 73
20916 74
21000 73
21083 74
21166 73
21250 74
21333 62 57 50
21633 50
21783 50
21933 67
22083 66
22233 50
22383 50
22533 57 52 45
22833 45
22983 45
23133 64
23283 66
23433 45
23583 45
23733 59 54 47
24033 47
24183 47
24333 61
24483 47
24633 62
24783 47
24933 54 49 42
25233 42
25383 42
25533 52 47 40
25683 40
25833 54 49 42
25983 42
26133 55 50 43
26433 43
26583 43
26733 43
26883 59 55
27183 61 57
27333 62 57 50
27633 50
27783 50
27933 67
28083 66
28233 64
28383 62
28533 55 50 43
28833 43
28983 43
29133 59
29283 61
29433 62
29583 61
29733 57 52 45
30033 45
30183 45
30333 61
30483 62
30633 64
30783 62
30933 62 57 50
31233 50
31383 50
31533 67
31683 66
31833 50
31983 50
32133 57 52 45
32433 45
32583 45
32733 64
32883 66
33033 45
33183 45
33333 59 54 47
33633 47
33783 47
33933 61
34083 47
34233 62
34383 47
34533 54 49 42
34833 42
34983 42
35133 52 47 40
35283 40
35433 54 49 42
35583 42
35733 55 50 43
36033 43
36183 43
36333 43
36483 59 55
36783 61 57
36933 62 57 50
37233 50
37383 50
37533 67
37683 66
37833 64
37983 62
38133 55 50 43
38433 43
38583 43
38733 59
38883 61
39033 62
39183 61
39333 57 52 45
39633 45
39783 45
39933 45
40083 73
40533 78
41733 76
42933 74
43683 74
44133 73
44733 69
45033 62
45183 62
45333 71
46133 69
46333 67
46533 69
46833 74
47133 66
47733 71
48333 71
48533 69
48733 67
48933 73
49833 74
49983 76
50133 78
50883 78
51333 76
52533 74
53283 74
53733 73
54033 78
55533 79
56433 79
56733 78
57933 79
59733 62
60033 61
60333 62
60633 54
60933 57
61533 59
61833 61
62133 62
62433 61
62583 61
62733 62
63033 66
63333 69
64533 67
64833 66
64933 67
65033 66
65133 64
65433 67
65733 66
65883 64
66033 62
66183 59
66333 57
66933 59
67233 57
67533 55
67833 62
68133 73
68433 57
68583 52
68733 50
68883 49
69033 57
69333 62
69633 61
69933 62
70233 54
70533 57
71133 59
71433 61
71733 62
71883 66
72033 71
72183 74
72333 78
72483 74
72633 71
72783 66
72933 69
73383 69
73458 71
73533 69
74133 67
74433 66
74533 67
74633 66
74733 64
75033 67
75333 66
75633 69
75933 74
76233 78
76533 79
76683 78
76833 76
76983 74
77133 73
77283 71
77433 69
77583 67
77733 73
77883 71
78033 69
78183 67
78333 66
78483 64
78633 57
78933 52
79008 57
79083 61
79158 64
79233 69
79308 73
79383 76
79583 76
79683 73
79758 69
79833 64
79908 57
79983 61
80283 76
80358 73
80493 76
80553 73
80613 69
80673 64
80733 57
81633 78
81783 79
82233 78
82383 79
82683 69
82833 71
82983 73
83133 74
83283 76
83433 78
83583 79
83733 78
84033 74
84183 76
84333 78
84633 66
84783 67
84933 69
85083 71
85233 69
85383 67
85533 69
85683 74
85833 73
85983 74
86133 67
86433 71
86583 69
86733 67
87033 66
87183 64
87333 66
87483 64
87633 62
87783 64
87933 66
88083 67
88233 69
88383 71
88533 67
88833 71
88983 69
89133 71
89433 73
89583 74
89733 69
89883 71
90033 73
90183 74
90333 76
90483 78
90633 79
90933 78
91233 74
91383 76
91533 78
91833 76
91983 74
92133 76
92283 73
92433 74
92583 76
92733 76
93033 74
93183 73
93333 74
93633 71
93783 73
93933 74
94233 66
94383 67
94533 69
94683 71
94833 69
94983 67
95133 69
95283 74
95433 73
95583 74
95733 71
96033 74
96183 73
96333 71
96633 69
96783 67
96933 69
97083 67
97233 66
97383 67
97533 69
97683 71
97833 73
97983 74
98133 71
98433 74
98583 73
98733 74
99033 73
99183 71
99333 73
99483 74
99633 76
99783 74
99933 73
100083 74
100233 71
100383 73
100533 74
101133 67
101283 66
101433 50
101583 50
101733 57 52 45
102033 45
102183 45
102333 64
102483 66
102633 45
102783 45
102933 59 54 47
103233 47
103383 47
103533 61
103683 47
103833 62
103983 47
104133 54 49 42
104433 42
104583 42
104733 52 47 40
104883 40
105033 54 49 42
105183 42
105333 55 50 43
105633 43
105783 43
105933 43
106083 59 55
106383 61 57
106533 62 57 50
106833 50
106983 50
107133 67
107283 66
107433 64
107583 62
107733 55 50 43
108033 43
108183 43
108333 59
108483 61
108633 62
108783 61
108933 64
109033 66
109133 67
109233 69
109333 71
109433 73
109533 69
109633 71
109733 73
109833 73
109933 74
110033 76
110133 76
112533 74
113733 73
114333 69
114633 62
114783 62
115683 69
115983 67
116133 69
116433 74
116733 66
117333 67
117408 67
117483 67
117558 67
117633 71
117708 71
117783 71
117858 71
117933 73
118008 73
118083 73
118158 73
118233 74
118308 74
118383 74
118458 74
118533 73
118608 74
118683 76
118758 78
118833 79
118983 79
119058 78
119133 76
119208 74
119283 73
119358 71
119433 69
119493 71
119553 73
119613 74
119673 76
119733 76
120933 76
121533 74
121833 73
122133 74
122883 74
123333 73
123633 78
125133 79
127008 79
127083 74
127158 71
127233 74
127308 79
127458 79
127608 79
127683 74
127758 71
127833 74
127908 79
128058 79
128283 76
128358 73
128583 76
128658 73
128733 64
129333 62
129483 50
129633 61
129783 50
129933 62
130083 50
130233 54
130383 55
130533 57
130683 59
130833 57
130983 56
131133 57
131283 59
131433 61
131583 57
131733 62
131883 59
132033 61
132183 59
132333 62
132483 59
132633 66
132783 59
133383 61
133533 62
133683 64
133833 66
133983 69
134133 71
134283 59
134433 69
134583 59
134733 67
134883 59
135033 71
135183 59
135333 69
135633 62
135733 66
135833 69
135933 74
136533 74
136608 71
136683 67
136758 62
136833 59
136908 62
136983 67
137058 71
137133 74
137208 71
137283 67
137358 62
137433 59
137508 62
137583 67
137658 71
137733 76
137808 73
137883 69
137958 64
138033 76
138108 73
138183 69
138258 64
138333 57
138933 62
139083 50
139233 61
139383 50
139533 62
139683 50
139833 54
139983 55
140133 57
140283 59
140433 57
140583 56
140733 57
140883 59
141033 61
141183 57
141333 62
141483 59
141633 61
141783 59
141933 62
142083 59
142233 66
142383 59
143733 71
143883 59
144033 69
144183 59
144333 67
144483 59
144633 71
144783 59
144933 69
145233 62
145308 66
145383 69
145458 74
145533 78
145683 78
145758 74
145833 69
145908 74
145983 78
146208 79
146283 74
146358 71
146433 74
146508 79
146658 79
146808 79
146883 74
146958 71
147033 74
147108 79
147258 79
148833 78
148983 79
149433 78
149583 79
149883 69
150033 71
150183 73
150333 74
150483 76
150633 78
150783 79
150933 78
151233 74
151383 76
151533 78
151833 66
151983 67
152133 69
152283 71
152433 69
152583 67
152733 69
152883 74
153033 73
153183 74
153333 67
153633 71
153783 69
153933 67
154233 66
154383 64
154533 66
154683 64
154833 62
154983 64
155133 66
155283 67
155433 69
155583 71
155733 67
156033 71
156183 69
156333 71
156633 73
156783 74
156933 69
157083 71
157233 73
157383 74
157533 76
157683 78
157833 79
158133 78
158433 74
158583 76
158733 78
159033 76
159183 74
159333 76
159483 73
159633 74
159783 76
159933 76
160233 74
160383 73
160533 74
160833 71
160983 73
161133 74
161433 66
161583 67
161733 69
161883 71
162033 69
162183 67
162333 69
162483 74
162633 73
162783 74
162933 71
163233 74
163383 73
163533 71
163833 69
163983 67
164133 69
164283 67
164433 66
164583 67
164733 69
164883 71
165033 73
165183 74
165333 71
165633 74
165783 73
165933 74
166233 73
166383 71
166533 73
166683 74
166833 76
166983 74
167133 73
167283 74
167433 71
167583 73
167733 74
171333 57
173733 57
174333 59
174933 57
175233 59
175383 57
175533 55
176133 54
178533 66
179133 67
179733 66
180033 67
180183 66
180333 64
180933 62
181533 61
182133 59
182733 61
183333 62
185733 62
186333 61
186933 59
187533 60
188133 61
190533 62
190683 50
190833 61
190983 50
191133 62
191283 50
191433 66
191583 50
191733 66
191883 69
192033 50
192183 67
192333 66
192483 50
192633 64
192783 61
192933 62
193083 50
193233 61
193383 50
193533 62
193683 50
193833 66
193983 50
194133 66
194283 69
194433 50
194583 71
194733 69
194883 50
195033 73
195183 69
195333 71
195433 71
195533 69
195633 71
195733 67
195833 71
195933 66
196033 69
196133 67
196233 66
196333 64
196433 62
196533 69
196633 69
196733 67
196833 69
196933 66
197033 69
197133 64
197233 62
197333 61
197433 59
197533 57
197633 55
197733 54
197833 55
197933 57
198033 59
198133 61
198233 62
198333 59
198433 61
198533 62
198633 64
198733 66
198833 67
198933 64
199033 66
199133 67
199233 69
199333 71
199433 73
199533 74
199608 71
199683 73
199758 74
199833 76
199908 73
199983 74
200058 76
200133 78
200208 74
200283 69
200358 66
200433 69
200508 74
200583 78
200658 74
200733 78
200808 74
200883 69
200958 66
201033 69
201108 74
201183 78
201258 74
201333 76
201408 73
201483 69
201558 64
201633 69
201708 73
201783 76
201858 73
201933 78
202008 73
202083 69
202158 64
202233 76
202308 73
202383 69
202458 64
202533 74
202608 71
202683 66
202758 62
202833 66
202908 71
202983 74
203058 71
203133 74
203208 71
203283 66
203358 62
203433 66
203508 71
203583 74
203658 71
203733 73
203808 69
203883 66
203958 61
204033 66
204108 69
204183 73
204258 69
204333 69
204408 66
204483 61
204558 57
204633 69
204708 66
204783 61
204858 57
204933 71
205008 67
205083 62
205158 59
205233 62
205308 67
205383 71
205458 67
205533 74
205608 71
205683 67
205758 62
205833 67
205908 71
205983 74
206058 71
206133 78
206208 74
206283 69
206358 66
206433 78
206508 74
206583 69
206658 66
206733 79
206808 74
206883 69
206958 66
207108 78
207183 74
207258 69
207408 79
207483 74
207558 71
207633 74
207708 79
207858 79
208008 79
208083 74
208158 71
208233 74
208308 79
208458 79
208608 76
208683 73
208758 69
208833 76
208908 73
208983 69
209058 64
209133 73
209208 69
209283 64
209358 61
209433 57
210033 77
210183 79
210633 77
210783 79
211083 69
211233 70
211383 73
211533 74
211683 76
211833 77
211983 79
212133 77
212433 74
212583 76
212733 77
213033 65
213183 67
213333 69
213483 70
213633 69
213783 67
213933 69
214083 74
214233 73
214383 74
214533 70
214833 74
214983 72
215133 70
215433 69
215583 67
215733 69
215883 67
216033 65
216183 67
216333 69
216483 70
216633 73
216783 74
216933 70
217233 74
217383 73
217533 74
217833 76
217983 77
218133 69
218283 70
218433 73
218583 74
218733 76
218883 77
219033 79
219333 77
219633 74
219783 76
219933 77
220233 76
220383 74
220533 76
220683 73
220833 74
220983 76
221133 76
221433 74
221583 73
221733 74
222033 70
222183 73
222333 74
222633 65
222783 67
222933 69
223083 70
223233 69
223383 67
223533 69
223683 74
223833 73
223983 74
224133 70
224433 74
224583 72
224733 70
225033 69
225183 67
225333 69
225483 67
225633 65
225783 67
225933 69
226083 70
226233 73
226383 74
226533 70
226833 74
226983 73
227133 74
227433 57
227533 59
227633 61
227733 62
227833 64
227933 66
228033 67
228133 69
228233 71
228333 73
228433 74
228533 76
228633 78
228733 79
230883 69
231033 71
231183 73
231333 74
231483 76
231633 78
231783 79
231933 78
232233 74
232383 76
232533 78
232833 78
232983 79
233583 79
235983 78
236283 78
236433 78
236508 76
236583 78
236658 76
236733 78
236808 76
236883 74
236958 76
237033 74
237108 71
237183 74
237258 71
237333 69
237408 71
237483 69
237558 66
237633 69
237708 66
237783 64
237858 66
237933 69
237993 66
238053 64
238113 66
238173 64
238233 64
238293 61
238353 59
238413 61
238473 59
238533 57
239433 78
239583 79
240033 78
240183 79
240533 79
240733 78
240933 76
241133 74
241333 73
243333 78
243483 77
243633 76
243783 74
244983 79
245133 78
245433 79
245583 79
245658 78
245733 76
245808 74
245883 73
245958 71
246033 73
246108 74
246183 73
246258 71
246333 69
246408 67
246483 66
246558 67
246633 69
246708 67
246783 66
246858 64
246933 66
247008 67
247083 66
247158 64
247233 62
247308 61
247383 59
247458 61
247533 62
247608 61
247683 59
247758 61
247833 62
247908 61
247983 59
248058 61
248133 57
248733 74
250833 79
251133 78
252033 78
252333 78
252633 79
252933 78
253233 76
253533 74
253833 73
254133 71
254283 59
254433 73
254583 59
254733 74
255333 73
255408 74
255483 73
255558 74
255633 73
255708 74
255783 73
255858 74
256233 73
256383 59
256533 71
256683 59
256833 72
256983 59
257133 73
257493 76
257553 73
257613 69
257673 64
257733 57
258333 74
260433 79
260633 79
260733 78
266283 79
266433 79
266733 78
266883 78
267183 76
267333 76
267633 69
267933 62
268933 69
269266 69
269600 71
269933 69
270266 67
270600 66
271600 66
271933 66
272266 67
272600 66
272711 67
272822 66
272933 64
273266 62
273600 61
273933 59
274266 61
274600 62
275933 62
276266 61
276600 59
276933 60
277266 61
277933 69
278600 74
280933 79
281266 78
282266 78
282600 78
282933 79
283266 78
283600 76
283933 74
284266 73
284600 71
284933 73
285266 74
286600 74
286933 73
287266 71
287600 72
287933 73
288933 74
289100 76
289266 74
