0 44
352 51
705 56 59 63
2825 47
3180 51
3533 54 59
4238 49
4591 56
4944 61 65
5297 56
5650 44
6003 51
6356 56 59 63
8476 47
8830 51
9183 54 59
9536 47
9889 49
10242 56
10595 61 65
10948 56
11301 44
11654 51
12007 56 59 63
14126 47
14481 51
14834 54 59
15187 47
15540 49
15893 56
16246 61 65
16599 56
16952 44
17305 51
17658 56 59 63
19777 47
20132 51
20485 54 59
20838 47
21191 49
21544 56
21897 61 65
22249 56
22602 44
22955 51
23308 56 59 63
25428 47
25783 51
26136 54 59
26488 47
26841 49
27194 56
27547 61 65
27900 56
28253 44
28606 51
28959 56 59 63
31079 47
31433 51
31786 54 59
32139 47
32492 49
32845 56
33198 61 65
33551 56
33904 44
34257 51
34588 47 56
34621 59 63
36729 47
37084 51
37437 54 59
37790 47
38143 49
38496 56
38849 61 65
39202 56
39555 44
39908 51
40235 47 56
40272 59 63
42380 47
42735 51
43088 54 59
43441 47
43794 49
44147 56
44499 61 65
44852 56
45205 44
45558 51
45882 47 56
45922 59 63
48031 47
48386 51
48738 54 59
49091 47
49444 49
49797 56
50150 61 65
50503 56
50856 44
51209 51
51529 47
51562 56 59 63
53681 47
54036 51
54389 54 59
54742 47
55095 49
55448 56
55801 61 65
56154 56
56470 54 66
56507 42 46 49 54 61
56538 66
57176 54 66
57215 42 46 49 54 61 66
57569 42 46 49 54 61
57882 54 66
57922 42 46 49 54 61 66
58275 42 46 49 54 61
58588 54 66
58628 42 46 49 54 61 66
58981 42 46 49 54 61
59294 54 66
59334 44 51 56 59 66
59999 54 66
60042 44 51 56 59 66
60397 44 51 56 59
60705 54 66
60749 44 51 56 59 66
61102 44 51 56 59
61411 54 66
61455 44 51 56 59 66
61808 44 51 56 59
62117 44 66
62161 44 52 56 59 66
62823 44 66
62869 44 52 56 59 66
63224 44 52 56 59
63529 44 66
63577 44 52 56 59 66
63930 44 52 56 59
64235 44 66
64283 44 52 56 59 66
64635 44 52 56 59
64941 66
64988 47 51 54 59 66
65647 66
65696 47 51 54 59 66
66051 47 51 54 59
66352 66
66404 47 51 54 59 66
66757 47 51 54 59
67058 66
67110 47 51 54 59 66
67463 47 51 54 59
67764 54 66
67816 42 46 49 54 61
67847 66
68470 54 66
68523 42 46 49 54 61 66
68878 42 46 49 54 61
69176 54 66
69231 42 46 49 54 61 66
69584 42 46 49 54 59
69882 54 66
69937 42 46 49 54 61 66
70290 42 46 49 54 59
70588 54 66
70643 44 51 56 59 66
71294 54 66
71351 44 51 56 59 66
71705 44 51 56 59
71999 54 66
72058 44 51 56 59 66
72411 44 51 56 59
72705 54 66
72764 44 51 56 59 66
73117 44 51 56 59
73411 44 66
73470 44 52 56 59 66
74117 44 66
74178 44 52 56 59 66
74533 44 52 56 59
74823 44 66
74885 44 52 56 59 66
75238 44 52 56 59
75529 44 66
75591 44 52 56 59 66
75944 44 52 56 59
76235 66
76297 47 51 54 59 66
76941 66
77005 47 51 54 59 66
77360 47 51 54 59
77647 66
77713 47 51 54 59 66
78066 47 51 54 59
78352 66
78419 47 51 54 59 66
78772 47 51 54 59
79058 54 66 42 46 49 54 61 66
79124 42 46 49 54 61
79156 66
79764 54 66
79832 42 46 49 54 61 66
80187 42 46 49 54 61
80470 54 66
80540 42 46 49 54 61 66
80893 42 46 49 54 61
81176 54 66
81246 42 46 49 54 61 66
81599 42 46 49 54 61
81882 54 66 44 51 56 59 66
81952 44 51 56 59 66
82588 54 66
82659 44 51 56 59 66
83014 44 51 56 59
83294 54 66
83367 44 51 56 59 66
83720 44 51 56 59
83999 54 66
84073 44 51 56 59 66
84426 44 51 56 59
84705 44 66 44 52 56 59 66
84779 44 52 56 59 66
85411 44 66
85487 44 52 56 59 66
85841 44 52 56 59
86117 44 66
86194 44 52 56 59 66
86547 44 52 56 59
86823 44 66
86900 44 52 56 59 66
87253 44 52 56 59
87529 54 66 42 46 49 54 61 66
87606 42 46 49 54 61
87637 66
88235 54 66
88314 42 46 49 54 61 66
88669 42 46 49 54 61
88941 54 66
89022 42 46 49 54 61 66
89374 42 46 49 54 61
89647 54 66
89727 42 46 49 54 61 66
90080 42 46 49 54 61
90352 54 66 42 46 49 54 61 66
90433 42 46 49 54 61
90465 66
91058 54 66
91141 42 46 49 54 61 66
91496 42 46 49 54 61
91764 54 66
91849 42 46 49 54 61 66
92202 42 46 49 54 61
92470 54 66
92555 42 46 49 54 61 66
92908 42 46 49 54 61
93176 54 66 44 51 56 59 66
93260 44 51 56 59 66
93882 54 66
93968 44 51 56 59 66
94323 44 51 56 59
94588 54 66
94676 44 51 56 59 66
95029 44 51 56 59
95294 54 66
95382 44 51 56 59 66
95735 44 51 56 59
95999 44 66 44 52 56 59 66
96088 44 52 56 59 66
96705 44 66
96795 44 52 56 59 66
97150 44 52 56 59
97411 44 66
97503 44 52 56 59 66
97856 44 52 56 59
98117 44 66
98209 44 52 56 59 66
98562 44 52 56 59
98823 54 66 42 46 49 54 61 66
98915 42 46 49 54 61
98946 66
99529 54 66
99623 42 46 49 54 61 66
99977 42 46 49 54 61
100235 54 66
100330 42 46 49 54 61 66
100683 42 46 49 54 61
100941 54 66
101036 42 46 49 54 61 66
101389 42 46 49 54 61
101647 44
101742 44
102095 51
102448 56
102801 59 63
104566 47
104919 51
105272 54 59
105977 49
106330 56
106683 61 65
107036 56
107294 44
107389 44
107742 51
108095 63 56
108448 59 63
109507 59 56
110213 47
110566 51
110919 54 59
111272 47
111624 49
111977 56
112330 61 65
112683 49
112941 44
113036 44
113389 51
113742 56 59 63
115862 47
116216 51
116569 54 59
116922 47
117275 49
117628 56
117981 61 65
118334 56
118687 44
119040 51
119393 56 59 63
121512 47
121867 51
122220 54 59
122573 47
122926 49
123279 56
123632 61 65
123985 56
124235 44 78
124338 44
124691 51
125044 59 63 56
125396 59 63
126455 59 56
127058 73
127161 47
127514 51
127867 54 59
128220 47
128470 73
128573 49
128926 56
129279 61 65
129632 56
129882 44 78
129985 44
130338 51
130691 56 59 63
132102 59 56
132455 51
132705 73
132808 47
133161 51
133514 54 59
133867 47
134117 73
134220 49
134573 56
134926 61 65
135279 56
135529 44 78
135632 44
135985 51
136338 56 59 63
138352 73
138457 47
138812 51
139165 54 59
139518 47
139764 68 73
139871 49
140224 56
140577 61 65
140930 56
141176 44 78
141283 44
141635 51
141988 56 59 63
143999 73
144108 47
144463 51
144816 54 59
145169 47
145411 68 73
145521 49
145874 56
146227 61 65
146580 56
146823 44 78
146933 44
147286 51
147639 56 59 63
149051 59 56 51
149646 73
149759 47
150113 51
150466 54 59
150819 47
151058 68 73
151172 49
151525 56
151878 61 65
152231 56
152470 78
152584 44
152937 51
153290 56 59 63
155294 73
155409 47
155764 51
156117 54 59
156470 47
156705 68 73
156823 49
157176 56
157529 61 65
157882 56
158117 54 66 42 54 66
158235 42 46 49 54 61
158266 66
158823 54 66
158942 42 46 49 54 61 66
159297 42 46 49 54 61
159529 54 66
159650 42 46 49 54 61 66
160003 42 46 49 54 61
160235 54 66
160356 42 46 49 54 61 66
160709 42 46 49 54 61
160941 54 66 44 44 56 66
161062 44 51 56 59 66
161646 54 66 44
161770 44 51 56 59 66
161999 44
162124 44 51 56 59
162352 54 66 44
162477 44 51 56 59 66
162705 44
162830 44 51 56 59
163058 54 66 44
163183 44 51 56 59 66
163411 44
163536 44 51 56 59
163764 54 66 40 40 52 64
163889 44 52 56 59 66
164470 54 66 40
164597 44 52 56 59 66
164823 40
164952 44 52 56 59
165176 54 66 40
165305 44 52 56 59 66
165529 40
165658 44 52 56 59
165882 54 66 40
166010 44 52 56 59 66
166235 40
166363 44 52 56 59
166588 54 66 47 47 59 66
166716 47 51 54 59 66
167294 54 66 47
167424 47 51 54 59 66
167646 47
167779 47 51 54 59
167999 54 66 47
168132 47 51 54 59 66
168352 47
168485 47 51 54 59
168705 54 66 47
168838 47 51 54 59 66
169058 47
169191 47 51 54 59
169411 54 66 42 54 66
169544 42 46 49 54 61
169575 66
170117 54 66
170251 42 46 49 54 61 66
170606 42 46 49 54 61
170823 54 66
170959 42 46 49 54 61 66
171312 42 46 49 54 61
171529 54 66
171665 42 46 49 54 61 66
172018 42 46 49 54 61
172235 54 66 44 44 56 66
172371 44 51 56 59 66
172941 54 66 44
173078 44 51 56 59 66
173294 44
173433 44 51 56 59
173646 54 66 44
173786 44 51 56 59 66
173999 44
174139 44 51 56 59
174352 54 66 44
174492 44 51 56 59 66
174705 44
174845 44 51 56 59
175058 54 66 40 40 52 64
175198 44 52 56 59 66
175764 54 66 40
175906 44 52 56 59 66
176117 40
176260 44 52 56 59
176470 54 66 40
176613 44 52 56 59 66
176823 40
176966 44 52 56 59
177176 54 66 40
177319 44 52 56 59 66
177529 40
177672 44 52 56 59
177882 54 66 47 47 59 66
178025 47 51 54 59 66
178588 54 66 47
178733 47 51 54 59 66
178941 47
179088 47 51 54 59
179294 54 66 47
179441 47 51 54 59 66
179646 47
179794 47 51 54 59
179999 54 66 47
180146 47 51 54 59 66
180352 47
180499 47 51 54 59
180705 66 78 54 78
180852 42 46 49 54 61
180884 66
181411 66 78
181560 42 46 49 54 61 66
181915 42 46 49 54 61
182117 66 78
182268 42 46 49 54 61 66
182621 42 46 49 54 61
182823 66 78
182974 42 46 49 54 61 66
183327 42 46 49 54 61
183529 66 78 44 56 78
183680 44 51 56 59 66
184235 66 78
184387 44 51 56 59 66
184742 44 51 56 59
184941 66 78
185095 44 51 56 59 66
185448 44 51 56 59
185646 66 78
185801 44 51 56 59 66
186154 44 51 56 59
186352 66 78 40 52 78
186507 44 52 56 59 66
187058 66 78
187214 44 52 56 59 66
187569 44 52 56 59
187764 66 78
187922 44 52 56 59 66
188275 44 52 56 59
188470 66 78
188628 44 52 56 59 66
188981 44 52 56 59
189176 66 78 54 78
189334 42 46 49 54 61
189365 66
189882 66 78
190042 42 46 49 54 61 66
190396 42 46 49 54 61
190588 66 78
190749 42 46 49 54 61 66
191102 42 46 49 54 61
191294 66 78
191455 42 46 49 54 61 66
191808 42 46 49 54 61
191999 66 78 54 78
192161 42 46 49 54 61
192192 66
192705 66 78
192869 42 46 49 54 61 66
193224 42 46 49 54 61
193411 66 78
193577 42 46 49 54 61 66
193930 42 46 49 54 61
194117 66 78
194282 42 46 49 54 61 66
194635 42 46 49 54 61
194823 66 78 56 78
194988 44 51 56 59 66
195529 66 78
195696 44 51 56 59 66
196051 44 51 56 59
196235 66 78
196404 44 51 56 59 66
196757 44 51 56 59
196941 66 78
197110 44 51 56 59 66
197463 44 51 56 59
197646 66 78 52 78
197816 44 52 56 59 66
198352 66 78
198523 44 52 56 59 66
198878 44 52 56 59
199058 66 78
199231 44 52 56 59 66
199584 44 52 56 59
199764 66 78
199937 44 52 56 59 66
200290 44 52 56 59
200470 66 78 54 78
200643 42 46 49 54 61
200674 66
201176 66 78
201351 42 46 49 54 61 66
201705 42 46 49 54 61
201882 66 78
202058 42 46 49 54 61 66
202411 42 46 49 54 61
202588 66 78
202764 42 46 49 54 61 66
203117 42 46 49 54 61
203294 66 78 54 78
203470 42 46 49 54 61
203501 66
203999 66 78
204178 42 46 49 54 61 66
204532 42 46 49 54 61
204705 66 78
204885 42 46 49 54 61 66
205238 42 46 49 54 61
205411 66 78
205591 42 46 49 54 61 66
205944 42 46 49 54 61
206117 66 78 56 78
206297 44 51 56 59 66
206823 66 78
207005 44 51 56 59 66
207360 44 51 56 59
207529 66 78
207713 44 51 56 59 66
208066 44 51 56 59
208235 66 78
208419 44 51 56 59 66
208771 44 51 56 59
208941 66 78 52 78
209124 44 52 56 59 66
209646 66 78
209832 44 52 56 59 66
210187 44 52 56 59
210352 66 78
210540 44 52 56 59 66
210893 44 52 56 59
211058 66 78
211246 44 52 56 59 66
211599 44 52 56 59
211764 66 78 54 78
211952 42 46 49 54 61
211983 66
212470 66 78
212659 42 46 49 54 61 66
213014 42 46 49 54 61
213176 66 78
213367 42 46 49 54 61 66
213720 42 46 49 54 61
213882 66 78
214073 42 46 49 54 61 66
214426 42 46 49 54 61
214588 66 78 54 78
214779 42 46 49 54 61
214810 66
215294 66 78
215487 42 46 49 54 61 66
215841 42 46 49 54 61
215999 66 78
216194 42 46 49 54 61 66
216547 42 46 49 54 61
216705 66 78
216900 42 46 49 54 61 66
217253 42 46 49 54 61
217411 66 78 56 78
217606 44 51 56 59 66
218117 66 78
218314 44 51 56 59 66
218669 44 51 56 59
218823 66 78
219021 44 51 56 59 66
219374 44 51 56 59
219529 66 78
219727 44 51 56 59 66
220080 44 51 56 59
220235 66 78 52 78
220433 44 52 56 59 66
220941 66 78
221141 44 52 56 59 66
221496 44 52 56 59
221646 66 78
221849 44 52 56 59 66
222202 44 52 56 59
222352 66 78
222555 44 52 56 59 66
222907 44 52 56 59
223058 58 70 46 70
223260 54 58 61
223295 66 70
