0 46
303 53 62
463 65
613 46
915 62 58
1069 65
1225 46
1531 62 53
1684 65
1837 46
2140 62 58
2293 65
2449 46
2755 62 53
2912 65
3062 46
3364 62 58
3521 65
3674 46
3980 62 53
4136 65
4286 46
4589 62 58
4745 65
4901 43
5204 62 50
5361 67
5510 43
5813 62 55
5970 67
6120 43
6429 50 62
6585 67
6735 43
7038 62 55
7194 67
7344 43
7650 50 62
7810 67
7959 43
8262 62 55
8419 67
8572 43
8878 62 50
9034 67
9181 43
9487 62 55
9643 67
9796 46
10102 62 53
10259 65
10412 46
10715 62 58
10871 65
11021 46
11324 53 62
11483 65
11633 46
11936 58 62
12092 65
12242 46
12548 53 62
12708 65
12854 46
13160 62 58
13317 65
13466 46
13776 62 53
13932 65
14085 46
14385 58 62
14541 65
14694 43
15000 62 50
15157 67
15306 43
15613 62 55
15766 67
15919 43
16225 62 50
16381 67
16528 43
16837 62 55
16990 67
17108 43
17440 50 62
17605 67
17755 43
18039 55 62
18215 67
18352 43
18664 50 62
18827 67
18983 43
19136 62
19251 69
19289 65
19579 70 46
19898 53 62
20054 65
20208 46
20510 58 62
20664 65
20820 45 72
21123 60 53
21279 65
21429 45
21732 57 60
21888 65
22025 74 43
22347 62 50
22503 67
22653 43
22959 62 55
23112 67
23266 43
23572 62
23725 67
23881 43
24184 62 55
24337 67
24490 77 41
24796 48 60 77
24952 65
25090 77 41
25408 77 60 55
25565 65 77
25711 48
26014 75 55 63
26330 48 74
26480 62
26620 72 60 55
26942 43 72
27245 62 50 74
27401 67
27551 74 43
27857 62 55
28010 67
28164 43
28470 50
28776 43 58
29082 60 45
29388 46 46 70
29694 62 53
29850 65
29997 46
30303 58 62
30459 65
30590 72 45
30919 60 53
31072 65
31225 45
31531 57 60
31687 65
31805 74
31840 43
32146 62 50
32299 67
32449 43
32755 62 55
32912 67
33061 43
33368 50 62
33524 67
33674 43
33980 62 55
34133 67
34286 41 77
34557 77
34592 48 60
34736 77 65
34898 41
35182 77 60 53
35361 65
35501 77 48 63
35820 55
35976 75
36123 62 48 74
36416 72 60 55
36729 72 43
37041 62 50 74
37197 67 74
37344 43
37650 55 62
37810 67
37956 43
38266 50 62
38422 67
38568 43
38878 62 55
39187 40
39490 60 48
39646 67
39796 40 72
40105 60 52
40259 67
40412 41
40715 57 48
40871 65
41008 70 41
41311 69 57 53
41480 65
41630 67 43
41939 62 50
42095 67
42245 43
42551 62 55
42704 67
42857 41
43163 62 50
43320 67
43470 41
43776 62 53
43929 67
44085 40 72
44382 72 60 48
44544 67 72
44691 40
44972 72 60 52
45156 67
45300 72 41
45616 57 48
45769 65 70
45919 41
46218 69 57 53
46378 65
46518 67 43
46837 62 50
46990 67
47143 43
47449 62 55
47605 67
47752 43
48336 53 57 60
48368 45
48954 70 46
48993 53
49286 62
49442 65
49595 46
49898 58 62
50051 65
50207 72 45
50510 60 53
50667 65
50817 45
51119 57 60
51276 65
51406 74 43
51735 62 50
51891 67
52041 43
52347 62 55
52500 67
52653 43
52959 62 50
53112 67
53269 43
53572 62 55
53725 67
53881 77 41
54184 48 60 77
54340 65
54490 41 77
54790 77 60 55
54946 77 65
55099 48
55389 75 55 63
55692 74 48
55868 62
56008 72 60 55
56314 72 43
56633 62 50 74
56789 67
56939 74 43
57248 55
57398 67
57551 43
57857 50
58163 43 58
58470 60 45
58776 46 46
58808 70
59082 62 53
59238 65
59385 46
59691 58 62
59847 65
59997 72 45
60306 60 53
60459 65
60612 45
60919 57 60
61075 65
61177 74
61228 43
61534 62 50
61687 67
61837 43
62143 62 55
62299 67
62449 43
62755 50 62
62912 67
63061 43
63368 62 55
63521 67
63674 41 77
63973 77 48 60
64136 65
64286 41 77
64560 77
64592 60 53
64748 77 65
64898 48 63
65182 75 55
65504 74 62 48
65810 72 60 55
66119 72 43
66429 62 50 74
66585 67
66732 43 74
67038 55 62
67197 67
67344 43
67653 50 62
67809 67
67956 43
68265 62 55
68575 40
68878 60 48
69034 67
69165 72 40
69493 52
69646 67
69799 41
70102 57 48
70258 65
70408 70 41
70689 69 57 53
70868 65
71024 43 67
71327 62 50
71483 67
71633 43
71939 62 55
72092 67
72245 41
72551 62 50
72707 67
72857 41
73163 62 53
73317 67
73473 72 40
73766 72 60 48
73929 72 67
74079 40
74362 72 60 52
74544 67
74678 72 41
75003 57 48
75156 70 65
75306 41
75612 57 53
75765 65 72
75922 55 69
75957 74
76228 62
76378 70
76531 55
76684 69
76837 62
76993 70
77140 55 69
77449 62
77609 70
77755 55
77912 69
78039 74 62
78214 70
78368 55 74 69
78677 65
78817 72 72
78983 55
79286 65
79439 70
79592 55 69
79898 65
80051 72
80204 55
80361 69
80510 65
80667 70
80813 55 75 69
81123 63
81279 70
81429 55
81735 63
81888 70
82041 55 69
82350 63
82503 70
82653 55 77
82809 69
82963 63
83112 70
83253 79 55 69
83572 63
83725 70
83878 55
84034 69
84187 63
84337 70
84490 55 69
84796 63
84949 70
85102 55
85258 69
85412 63
85565 70
85714 55 69
86024 62
86177 70
86330 55
86480 69
86636 62
86786 70
86939 55 69
87248 62
87398 70
87551 55
87707 69
87857 62
88010 70
88163 55 69
88470 65
88626 72
88776 55
88932 69
89082 65
89235 70
89385 55 69
89694 65
89850 72
90000 55
90156 69
90306 65
90459 70
90609 55 69
90919 63
91075 70
91225 55
91381 69
91531 63
91684 70
91837 55 69
92146 63
92296 70
92449 55
92605 69
92755 63
92908 70
93061 55 69
93367 63
93524 70
93670 55
93830 69
93980 63
94136 70
94286 55 69
94595 63
94745 70
94898 55
95051 69
95207 63
95357 70
95510 55 69
95820 62
95973 70
96123 55
96279 69
96432 62
96582 70
96735 55 69
97044 62
97197 70
97347 55
97503 69
97653 62
97806 70
97959 55 69
98265 65
98419 72
98568 55
98728 69
98878 65
99031 70
99184 55 69
99490 65
99643 72
99796 55
99952 69
100105 65
100255 70
100408 55 69
100718 63
100871 70
101021 55
101177 69
101330 63
101480 70
101633 55 69
101939 63
102092 70
102245 55
102401 69
102551 63
102704 70
102857 55 69
103163 63
103316 70
103470 55
103626 69
103776 63
103932 70
104082 55 69
104391 63
104544 70
104694 55
104850 69
105000 63
105309 46
105609 53 62
105769 65
105918 46
106221 62 58
106374 65
106531 46
106837 62 53
106990 65
107143 46
107446 62 58
107599 65
107755 46
108061 62 53
108218 65
108367 46
108670 62 58
108827 65
108980 46
109286 62 53
109442 65
109592 46
109895 62 58
110051 65
110207 43
110510 62 50
110667 67
110816 43
111119 62 55
111276 67
111426 43
111735 50 62
111891 67
112041 43
112344 62 55
112500 67
112650 43
112956 50 62
113116 67
113265 43
113568 62 55
113725 67
113878 43
114184 62 50
114340 67
114487 43
114793 62 55
114949 67
115102 46
115408 62 53
115565 65
115718 46
116021 62 58
116177 65
116327 46
116630 53 62
116789 65
116939 46
117242 58 62
117398 65
117548 46
117854 53 62
118014 65
118160 46
118466 62 58
118623 65
118772 46
119082 62 53
119238 65
119391 46
119691 58 62
119847 65
120000 43
120306 62 50
120462 67
120612 43
120918 62 55
121072 67
121225 43
121531 62 50
121687 67
121834 43
122143 62 55
122296 67
122414 43
122746 50 62
122911 67
123061 43
123345 55 62
123521 67
123658 43
123970 50 62
124133 67
124289 43
124595 45 69
124901 70 46
125204 62
125360 65
125513 46
125816 58 62
125969 65
126123 72 45
126432 53
126585 65
126735 45
127038 57 60
127194 65
127328 74 43
127653 62 50
127809 67
127937 67 43
128265 62 55
128418 67
128572 43
128878 62 50
129031 67
129187 43
129490 62 55
129643 67
129786 77 41
130102 48 60 77
130258 65
130408 41 77
130714 60 55 79
130871 77 65
131017 48
131177 75
131327 55 63
131623 74 48
131786 62
131917 72 60 55
132229 72 43
132529 75 62 50
132707 67
132835 74 43
133163 62 55
133316 67
133469 43
133776 50
134082 43 58
134375 69 60 45
134694 46 46 70
135000 62 53
135156 65
135303 46
135609 58 62
135765 65
135890 72 45
136241 53
136378 65
136531 45
136837 57 60
136993 65
137130 74 43
137452 62 50
137564 72
137605 67
137755 43 70
138061 62 55
138218 67
138367 43
138674 50 62
138830 67
138980 43
139263 74 62 55
139439 67
139589 77 41
139898 48 60 79
140054 65
140204 41 77
140402 75
140510 60 53
140667 65
140797 75 48 63
141091 74
141126 55
141429 74 62 48
141725 72 60 55
142025 72 43
142207 74
142347 62 50
142503 67 74
142650 43
142956 55 62 79
143116 67
143262 43
143572 50
143728 67
143874 43
144184 62 55
144493 40
144796 60 48
144952 67
145102 40
145408 70 52
145718 41
146020 57 48
146177 65
146330 41 69
146617 67 57 53
146786 65
146942 43 74
147245 62 50
147401 67
147551 43
147857 62 55
148010 67
148163 41
148469 62 50
148626 67
148776 41
149082 62 53
149235 67
149391 72 40
149694 72 60 48
149850 67 72
150000 40
150281 72 60 52
150462 67
150600 72 41
150918 57 48
151062 74 65
151228 41
151512 75 57 53
151684 65
151840 43 74
152143 62 50
152299 67
152449 43
152755 55
152908 67
153061 41
153367 62 50
153524 67
153674 41
153980 62 53
154133 67
154289 40
154592 60 48
154748 67
154885 70 40
155207 52
155360 67
155513 41
155816 57 48
155973 65
156113 69 41
156413 67 57 53
156582 65
156735 74 43
157041 62 50
157197 67
157347 43
157653 62 55
157806 67
157959 41
158265 62 50
158422 67
158571 41
158878 62 53
159031 67
159174 72 40
159471 72 60 48
159614 72
159646 67
159796 40
160086 72 60 52
160258 67
160392 72 41
160714 57 48
160871 65
161017 62 41
161327 57 65 53
161480 65
161636 43 67
161939 62 50
162095 67
162245 43
162551 62 55
162857 41
163163 62
163320 67
163469 41
163776 62 53
163929 67
164085 65 43
164238 67
164391 62 50
164544 67
164694 43
165000 62 55
165156 67
165306 43
165612 50 62
165769 67
165918 43
166225 62 55
166378 67
166534 65 43
166687 67
166840 62 50
166993 67
167143 43
167449 62 55
167605 67
167755 43
168061 50 62
168218 67
168367 43
168674 62 55
168827 67
168983 65 43
169136 67
169289 62 50
169442 67
169592 43
169898 62 55
170054 67
170204 43
170510 50 62
170666 67
170816 43
171122 62 55
171276 67
171432 65 43
171585 67
171738 62 50
171891 67
172041 43
172347 62 55
172503 67
172653 43 70
172806 72
172959 67 50
173112 69
173265 43
173418 62
173571 55 65
173878 67 43
