0 55 71
113 55
227 55
341 55
454 55
568 55
681 55
795 55
909 55
1022 55
1136 55 71
1250 55
1363 55 67
1477 55
1591 55 69
1704 50
1818 50
1931 50
2045 50
2159 50
2272 50
2386 50
2500 50
2613 50
2727 50
2841 50
2954 50 69
3068 50
3181 50 67
3295 50
3409 50 69
3522 50
3636 57
3750 57
3863 57
3977 57
4091 57
4204 57
4318 57
4431 57
4545 57
4659 57
4772 57 71
4886 57
5000 57 67
5113 57
5227 57 64
5341 48
5454 48
5568 48
5681 48
5795 48
5909 48
6022 48
6136 48
6250 48
6363 48
6477 48
6591 48
6704 48
6818 48 62
6931 48
7045 48
7159 48
7272 55 71
7386 55
7500 55
7613 55
7727 55
7841 55
7954 55
8068 55
8181 55
8295 55
8409 55 71
8522 55
8636 55 67
8750 55
8863 55 69
8977 50
9091 50
9204 50
9318 50
9431 50
9545 50
9659 50
9772 50
9886 50
10000 50
10113 50
10227 50 69
10341 50
10454 50 67
10568 50
10681 50 69
10795 50
10909 57
11022 57
11136 57
11250 57
11363 57
11477 57
11591 57
11704 57
11818 57
11931 57
12045 57 69
12159 57
12272 57 67
12386 57
12500 57 64
12613 48
12727 48
12841 48
12954 48
13068 48
13181 48
13295 48
13409 48
13522 48
13636 48
13750 48
13863 48
13977 48
14091 48 62
14204 48
14318 48
14431 48
14545 55 71
14659 55
14772 55
14886 55
15000 55
15113 55
15227 55
15341 55
15454 55
15568 55
15681 55 71
15795 55
15909 55 67
16022 55
16136 55 69
16250 50
16363 50
16477 50
16591 50
16704 50
16818 50
16931 50
17045 50
17159 50
17272 50
17386 50
17500 50 69
17613 50
17727 50 67
17841 50
17954 50 69
18068 50
18181 57
18295 57
18409 57
18522 57
18636 57
18750 57
18863 57
18977 57
19091 57
19204 57
19318 57 71
19431 57
19545 57 67
19659 57
19772 57 64
19886 48
20000 48
20113 48
20227 48
20341 48
20454 48
20568 48
20681 48
20795 48
20909 48
21022 48
21136 48 64
21250 48
21363 48 62
21477 48
21591 48 71
21704 48
21818 55
21931 55
22045 55
22159 55
22272 55
22386 55
22500 55
22613 55
22727 55
22841 55
22954 55
23068 55
23181 55 67
23295 55
23409 55 69
23522 50
23636 50
23750 50
23863 50
23977 50
24091 50 67
24204 50
24318 50 69
24431 50
24545 50
24659 50
24772 50
24886 50
25000 50 67
25113 50
25227 50 69
25341 50
25454 57
25568 57
25681 57
25795 57
25909 57
26022 57
26136 57
26250 57
26363 57
26477 57
26591 57
26704 57
26818 57 67
26931 57
27045 57 64
27159 48
27272 48
27386 48
27500 48
27613 48
27727 48
27841 48
27954 48
28068 48
28181 48
28295 48
28409 48 62
28522 48
28636 48 62
28750 48
28863 48 67
28977 48
29091 55
29318 67
29545 67 55
30000 67 55
30227 62 55
30454 62
30681 66 54
31136 67
31363 67 55
31591 55
31818 67 55
32045 50
32272 62
32500 69 48
32954 69
33181 71 48
33409 48
33636 64 48
33863 48
34091 62 48
34318 69 48
34772 69
35000 71 48
35227 48
35454 64 48
35681 62 48
35909 62
36136 67 48
36363 55
36591 67
36818 67 55
37272 67 55
37500 62 55
37727 62
37954 66 54
38409 67
38636 67 55
38863 55
39091 67 55
39318 50
39545 62
39772 69 48
40227 69
40454 71 48
40681 48
40909 64 48
41136 48
41363 62 48
41591 69 48
42045 69
42272 71 48
42500 48
42727 64 48
42954 62 48
43409 48
43636 71 55
44091 71 55
44318 71
44545 71 55
44772 71 55
45000 71
45227 71 54
45454 69
45909 55
46136 69 55
46363 55
46591 50
47045 48
47272 69
47500 69
47727 69 48
47954 69 48
48181 69 48
48409 69 48
48636 69 48
48863 69 48
49091 67
49545 48
49772 67 48
50000 48
50227 62 48
50454 62
50681 67 48
50909 55
51136 67
51363 67 55
51818 67 55
52045 62 55
52272 62
52500 66 54
52954 67
53181 67 55
53409 55
53636 67 55
53863 50
54091 62
54318 69 48
54772 69
55000 71 48
55227 48
55454 64 48
55681 48
55909 62 48
56136 69 48
56591 69
56818 71 48
57045 48
57272 64 48
57500 62 48
57954 48
58181 55
58295 55
58409 55
58522 55
58636 55
58750 55
58863 55
58977 55
59091 55
59204 55
59318 55
59431 55
59545 55
59659 55
59772 55
59886 50
60000 50
60113 50
60227 50
60341 50
60454 50
60568 50
60681 50
60795 50
60909 50
61022 50
61136 50
61250 50
61363 50
61477 50
61591 50
61704 50
61818 57
61931 57
62045 57
62159 57
62272 57
62386 57
62500 57
62613 57
62727 57
62841 57
62954 57
63068 57
63181 57
63295 57
63409 57
63522 48
63636 48
63750 48
63863 48
63977 48
64091 48
64204 48
64318 48
64431 48
64545 48
64659 48
64772 48
64886 48
65000 48
65113 48
65227 48
65341 48
65454 55 71
65568 55
65681 55
65795 55
65909 55
66022 55
66136 55
66250 55
66363 55
66477 55
66591 55 71
66704 55
66818 55 67
66931 55
67045 55 69
67159 50
67272 50
67386 50
67500 50
67613 50
67727 50
67841 50
67954 50
68068 50
68181 50
68295 50
68409 50 69
68522 50
68636 50 67
68750 50
68863 50 69
68977 50
69091 57
69204 57
69318 57
69431 57
69545 57
69659 57
69772 57
69886 57
70000 57
70113 57
70227 57 71
70341 57
70454 57 67
70568 57
70681 57 64
70795 48
70909 48
71022 48
71136 48
71250 48
71363 48
71477 48
71591 48
71704 48
71818 48
71931 48
72045 48
72159 48
72272 48 62
72386 48
72500 48
72613 48
72727 55 71
72841 55
72954 55
73068 55
73181 55
73295 55
73409 55
73522 55
73636 55
73750 55
73863 55 71
73977 55
74091 55 67
74204 55
74318 55 69
74431 50
74545 50
74659 50
74772 50
74886 50
75000 50
75113 50
75227 50
75341 50
75454 50
75568 50
75681 50 69
75795 50
75909 50 67
76022 50
76136 50 69
76250 50
76363 57
76477 57
76591 57
76704 57
76818 57
76931 57
77045 57
77159 57
77272 57
77386 57
77500 57 69
77613 57
77727 57 67
77841 57
77954 57 64
78068 48
78181 48
78295 48
78409 48
78522 48
78636 48
78750 48
78863 48
78977 48
79091 48
79204 48
79318 48 62
79431 48
79545 48 62
79659 48
79772 48 71
79886 48
80000 55
80113 55
80227 55
80341 55
80454 55
80568 55
80681 55
80795 55
80909 55
81022 55
81136 55 71
81250 55
81363 55 67
81477 55
81591 55 69
81704 50
81818 50
81931 50
82045 50
82159 50
82272 50
82386 50
82500 50
82613 50
82727 50
82841 50
82954 50 69
83068 50
83181 50 67
83295 50
83409 50 69
83522 50
83636 57
83750 57
83863 57
83977 57
84091 57
84204 57
84318 57
84431 57
84545 57
84659 57
84772 57 71
84886 57
85000 57 67
85113 57
85227 57 64
85341 48
85454 48
85568 48
85681 48
85795 48
85909 48
86022 48
86136 48
86250 48
86363 48
86477 48
86591 48 64
86704 48
86818 48 62
86931 48
87045 48 71
87159 48
87272 55
87386 55
87500 55
87613 55
87727 55
87841 55
87954 55
88068 55
88181 55
88295 55
88409 55
88522 55
88636 55 67
88750 55
88863 55 69
88977 50
89091 50
89204 50
89318 50
89431 50
89545 50 67
89659 50
89772 50 69
89886 50
90000 50
90113 50
90227 50
90340 50
90454 50 67
90568 50
90681 50 69
90795 50
90909 57
91022 57
91136 57
91250 57
91363 57
91477 57
91590 57
91704 57
91818 57
91931 57
92045 57
92159 57
92272 57 67
92386 57
92500 57 64
92613 48
92727 48
92840 48
92954 48
93068 48
93181 48
93295 48
93409 48
93522 48
93863 62
94090 62
94318 67
94545 67 55
94772 67
95000 67 55
95454 67 55
95681 62 55
95909 62
96136 66 54
96590 67
96818 67 55
97045 55
97272 67 55
97500 50
97727 62
97954 69 48
98409 69
98636 71 48
98863 48
99090 64 48
99318 48
99545 62 48
99772 69 48
100227 69
100454 71 48
100681 48
100909 64 48
101136 62 48
101363 62
101590 67 48
101818 55
102045 67
102272 67 55
102727 67 55
102954 62 55
103181 62
103409 66 54
103863 67
104090 67 55
104318 55
104545 67 55
104772 50
105000 62
105227 69 48
105681 69
105909 71 48
106136 48
106363 64 48
106590 48
106818 62 48
107045 69 48
107500 69
107727 71 48
107954 48
108181 64 48
108409 62 48
108863 48
109090 71 55
109545 71 55
109772 71
110000 71 55
110227 71 55
110454 71
110681 71 54
110909 69
111363 55
111590 69 55
111818 55
112045 62 50
112272 71
112500 69 48
112727 69
113181 69 48
113409 69 48
113636 69 48
113863 69 48
114090 69 48
114318 69 48
114545 67
115000 48
115227 67 48
115454 48
115681 62 48
115909 64 62
116136 67 62 48
116363 55
116590 67
116818 67 55
117272 67 55
117500 62 55
117727 62
117954 66 54
118409 67
118636 67 55
118863 55
119090 67 55
119318 50
119545 62
119772 69 48
120227 69
120454 71 48
120681 48
120909 64 48
121136 48
121363 62 48
121590 69 48
122045 69
122272 71 48
122500 48
122727 64 48
122954 62 48
123409 48
123636 59 52
124090 59 52
124772 59 52
125000 62
125113 52
125227 64 60
125681 64 60
125909 64 60
126363 64 60
126818 64 60
127272 62 55
127727 62 55
128409 62 55
128750 55
128863 66 62
129318 66 62
129545 66 62
130000 66 62
130454 67 62
130909 59 52
131363 59 52
132045 59 52
132272 62
132386 52
132500 64 60
132954 64 60
133181 64 60
133636 64 60
134090 64 60
134545 62 55
135000 62 55
135681 62 55
136022 55
136136 66 62
136590 66 62
136818 66 62
137272 66 62
137727 67 62
138181 59 52
138636 59 52
138863 74 71
139318 59 71 67
139545 62
139659 52
139772 64 60
140227 67 64 60
140454 67 64 60
140681 74 71
140909 64 60
141136 71 67
141363 64 60
141818 62 55
142045 72 67
142272 62 72 67
142500 72 67
142954 72 67 62
143181 72
143295 55
143409 66 72 69
143863 66 71 67
144090 66 62
144318 69 66
144545 66 62
144772 71 67
145000 67 62
145454 59 52
145909 59 52
146136 74
146590 59 71 52
146818 62
146931 52
147045 64 71 60
147500 64 67 60
147727 64 67 60
147954 74
148181 64 60
148409 71
148636 64 60
149090 62 72 55
149545 62 72 55
149772 72
150227 62 71 55
150568 55
150681 66 62
151136 66 62
151363 66 62
151818 66 62
152272 67 62
152500 69
152954 66 62
153181 66 62
153636 66 62
154090 67 62
154545 55
155909 79
156363 62
157727 79
158181 57
159545 79
159772 76
160000 60
162954 62
163181 62
163409 67
163636 55
163863 67
164090 67 55
164545 67 55
164772 62 55
165000 62
165227 66 54
165681 67
165909 67 55
166136 55
166363 67 55
166590 50
166818 62
167045 69 48
167500 69
167727 71 48
167954 48
168181 64 48
168409 48
168636 62 48
168863 69 48
169318 69
169545 71 48
169772 48
170000 64 48
170227 62 48
170454 62
170681 67 48
170909 55
171136 67
171363 67 55
171818 67 55
172045 62 55
172272 62
172500 66 54
172954 67
173181 67 55
173409 55
173636 67 55
173863 50
174090 62
174318 69 48
174772 69
175000 71 48
175227 48
175454 64 48
175681 48
175909 62 48
176136 69 48
176590 69
176818 71 48
177045 48
177272 64 48
177500 62 48
177727 62
177954 67 48
178181 55
178409 67
178636 67 55
179090 67 55
179318 62 55
179545 62
179772 66 54
180227 67
180454 67 55
180681 55
180909 67 55
181136 50
181363 62
181590 69 48
182045 69
182272 71 48
182499 48
182727 64 48
182954 48
183181 62 48
183409 69 48
183863 69
184090 71 48
184318 48
184545 64 48
184772 62 48
184999 62
185227 67 48
185454 55
185681 67
185909 67 55
186363 67 55
186590 62 55
186818 62
187045 66 54
187499 67
187727 67 55
187954 55
188181 67 55
188409 50
188636 62
188863 69 48
189318 69
189545 71 48
189772 48
189999 64 48
190227 48
190454 62 48
190681 69 48
191136 69
191363 71 48
191590 48
191818 64 48
192045 62 48
192499 48
192727 71 55
193181 71 55
193409 71
193636 71 55
193863 71 55
194090 71
194318 71 54
194545 69
194999 55
195227 69 55
195454 55
195681 62 50
195909 71
196136 69 48
196363 69
196818 69 48
197045 69 48
197272 69 48
197499 69 48
197727 69 48
197954 69 48
198181 67 48
198636 48
198863 67 48
199090 48
199318 62 48
199545 64 62
199772 67 62 48
199999 55
200227 67
200454 67 55
200909 67 55
201136 62 55
201363 62
201590 66 54
202045 67
202272 67 55
202499 55
202727 67 55
202954 50
203181 62
203409 69 48
203863 69
204090 71 48
204318 48
204545 64 48
204772 48
204999 62 48
205227 69 48
205454 48
205681 69
205909 71 48
206136 48
206363 64 48
206590 62 48
207045 48
207272 62 55
