0 55 60
58 62
105 65
186 77
524 74 62
803 72
1070 65
1151 77
1360 72
1615 79
1906 72
2184 74
2429 72
2708 70
2975 72 70
3277 67 62 51 58
3532 72
3811 74 62 51
3915 58
4089 72
4240 58
4334 77
4625 72
4764 51
4891 79
5171 72
5437 74
5728 72
6006 70
6252 72
6530 60 57 50
6647 65
6809 72 60
7087 74
7354 72
7703 77
7900 60 72
8179 79
8447 72
8714 74
9085 72
9260 70
9527 72
9817 67 60 58
10084 72
10353 74
10620 72
10701 60
10816 53
10898 77
11177 72
11455 53 57 65 60
11606 77
11723 72
12001 74 65
12117 57
12258 72
12525 70
12803 72
13082 67 62 77 60 65
13360 72
13628 74
13895 62 72
13953 60
14023 65
14233 77
14441 72
14511 60
14721 79
14999 72
15254 74
15533 72
15811 70
16079 72
16358 79 67 62 51 58
16614 72
16904 74 58 62
17183 72
17287 58
17520 77
17705 72
17926 51
17984 79
18264 72
18542 74
18809 72
19065 70
19355 72
19634 60 50 57
19727 65
19901 72
20158 74
20239 57
20436 72 60
20715 77
20994 72
21260 79
21632 72
21806 74
22097 72
22341 70
22621 72
22899 65 53 60 58
23456 74
23723 72
23851 60
23979 48 77
24235 48 70
24537 60 53 41 65
24619 77
24688 69
24862 72
26176 74 69 72 77 43
26269 65
26605 50
26790 50
27255 69 50 57
27395 65
27801 70 67 62 65
28348 72
28894 77
29079 55
29439 79 46 55 74 67 77 51
29544 72 65
29834 46
29985 46
30230 67
30521 53
31089 70 67 51 65
31205 77 62
32332 67
32692 69 62 77 65 72 50
33273 45
33807 48
34342 67 70 65
34435 50
34563 62
34900 72
35434 62 74
35991 53 77 70 41
36329 53
36514 48 41
36828 65
37072 55
37270 65
37629 65 57 60 53
39233 43
39267 72 77 69 65
39396 43
39802 50
40349 57
40570 69
40895 70 67 62 65
41452 72
41672 55
41985 77
42312 55
42532 46 51 79 74 67 72 65
42672 77
42881 51
42939 46
43136 46
43276 67
43624 53
44148 70 67 62 65 51
45309 67
45808 67 48 63 70 75
46344 43
46622 70
46889 51
47447 69 50 65
47678 62
47981 70 50 46
48527 72 43
49073 69 62 72 43 65 77
49294 69
49630 50
50154 50 71
50247 53
50421 72
50723 74 67 55
50885 71
51524 43 55
52338 48 79 43 71
52396 76
52628 55
52895 59
53174 60
53452 64
53708 78
53964 50 69 79
54057 72
54244 57
54545 60
54801 62
55067 79 67
55358 69 78 67
55613 79 52 74 40
55799 52
55903 59
56160 62
56427 66
56706 67
56996 67
57263 76 52
57530 59
57797 47 66
58065 50 76
58147 79
58356 57
58611 62
58889 79 48 76 55
59169 55
59250 79
59447 59
59714 60
59982 64
60237 78
60516 79 50
60609 72
60807 57
61085 60
61352 62
61620 67
61887 69 78
62155 79 76
62212 45
62248 72
62433 52
62712 47 59
62979 78 74 47
63258 79 54
63536 78 62
63791 52 76 67 40
63967 52
64072 59
64350 66
64629 69
64896 71
65163 50
65441 48 79 76
65721 55
65988 59
66244 60
66523 64
66789 78
67069 79 50
67358 50 57
67614 50 62
67986 64
68173 67
68428 78 69
68719 52 40 79 74
68881 52
68985 40 59
69252 62
69542 66
69809 67
70333 52
70391 76
70624 52 59
70902 47 66
71111 50
71181 76 79
71285 50
71448 50 57
71809 62
71983 48 79 76
72041 71
72262 55
72529 59
72796 60
73179 64
73341 78 64
73621 79 50
73702 72
73748 69
73865 50
73900 57
74167 60
74434 62
74712 79 67
74980 69 78
75247 79 51 74
75537 58
75805 62 58
76073 63
76351 67
76630 71
76885 50 74 77
77187 57
77454 60
77721 79 74
77815 43
77978 50
78233 50 57
78535 55 70 79 48
78605 75
78802 43
78987 55
79070 48
79336 72 50 77 69
79696 45
79895 50
80150 70 79 51
80208 75
80417 46
80719 51
80986 42 78 72
81264 48
81532 54
81788 55 43 70 79
82090 62
82346 69
82625 70
82903 74
83170 43 77
83449 79
83716 74
83984 77
84262 74
84541 70
84611 77
84808 79 74 67
85075 43 55
85354 62
85632 69
85901 70
86180 74
86435 43 77
86783 70 74
86841 79
86934 74
87004 79
87317 43
87887 67
88352 55 60
88422 77
88467 62
88630 72 65
88886 77 74 62
89176 72
89223 60
89444 77
89711 72
89990 79
90269 72
90536 74
90814 72
91094 70
91360 72
91627 67 58 51
91722 62
91896 72
92185 74 62
92336 58
92453 72
92708 77
92999 72
93126 51
93254 79
93545 72
93812 74
94067 72
94347 70
94625 72
94904 60 57 50
95020 65
95194 72 60
95450 74
95717 72
95764 60
95973 77
96263 72
96519 79
96821 72
97087 74
97366 72
97623 70
97890 72
98169 53 65 60
98285 58
98459 72 58
98726 74
99005 72
99121 60
99260 77 48
99538 70
99796 41
99888 65
99947 69 41
100039 72
100074 77
101456 72 74 77 69 43
101537 65
101597 72
101979 50
102549 50 57
103082 67 70 62
103187 65
103384 55
103640 72
104245 77
104407 55
104721 51 74 67 77
104802 79 72 65
105127 46
105266 46
105802 46 53
106348 70 62 67 65 51
106452 77
107753 67 62
107974 62 77 50 65
108021 72
108531 45
109088 60 48
109624 67 70 65
109705 50
109926 62
110192 72
110715 74
111284 70 77 41
111470 70 53
111808 48 60
111947 48
112086 65
112354 55
112621 65
112911 65 60 57
113004 53
113317 77
113922 65
114491 43 69
114537 74 65 72
114641 77 43 69
115083 50
115630 50 57
115944 69
116187 70 67 62 65
116733 72 62
116977 55
117267 77
117501 55
117814 79 74 67
117896 72
117930 77
117977 65
118011 51
118197 46
118360 46
118638 67
118905 53
119451 70 67 62 65 51
120566 67
121089 67 48 75 70
121636 43 55
121903 70
122182 51 43
122728 62 65 50
123274 70 46
123412 58
123821 72 43
124354 62 72 43 65
124459 69
124540 77
124911 50
125447 53 71
125714 72
125992 55 71 67 74
126457 67
126642 55
126816 55 43
127631 79 71 48 76 43
127898 55
128165 59
128455 60
128723 64
128989 78
129267 79 50 72
129536 50 57
129827 60
130082 62
130360 79 67
130628 69 78
130906 79 52 74 40
131197 59
131453 62
131721 66
131987 67
132278 67
132545 76 64 52
132811 40 59
133090 66
133357 79 76 50
133637 57
133915 62
134183 55 48 79 76 71
134450 55
134728 59
135007 60
135285 64
135531 78
135809 79 50 72
136088 50 57
136378 60
136634 62
136912 79 67
137179 78 69
137448 79 76 72
137540 45
137727 52
138005 59 47
138272 74 78 47
138551 79 54
138829 78 62
139085 76 67 40 52 64
139224 79
139259 52
139353 59
139632 66
139922 69
140189 71
140456 50
140734 79 48 76
140851 71
141002 55
141280 59
141537 60
141815 64
142083 78
142361 79 50
142465 72
142652 50 57
142919 62
143266 64
143442 79 67
143732 69 78
143988 79 74 40 52
144278 40 59
144546 62
144824 66
145103 67
145359 67
145638 76 52
145801 64
145905 40 59
146183 66
146230 47
146451 79 76
146508 50
146740 57
147008 62
147275 79
147323 76
147357 71
147404 48
147532 55
147822 59
148089 60
148356 64
148647 78
148913 79 50
148995 72
149204 50 57
149460 60
149727 62
150006 67
150273 69 78
150552 74 70 79 51
150830 58
151109 62
151365 63
151645 67
151911 71
152189 77
152271 50
152480 50 57
152735 60
153003 43 79
153271 50
153538 50 57
153816 55 79 70 48 75
154107 43
154374 60 48 43
154640 72 50 69 77
154920 45
155186 50
155444 46 79 51
155525 75 70
155791 46
156024 51
156279 72 42
156360 77
156581 48
156825 48 54
157091 55 43 70 79
157360 62 43
157651 69
157917 70
158184 74
158463 77
158741 79
159009 74
159090 43
159265 43 77
159556 74
159811 77 70
160101 79 74 67
160369 43 55
160635 62 43
161030 69
161194 70
161461 74
161728 77
161995 70
162088 74
162215 79 74
162389 43
162691 74
163633 55
163680 60
163714 62 65
163901 77
164202 74 62
164470 72
164504 60
164817 77
165014 72
165272 79
165550 72
165829 74
166107 72
166386 70
166653 72
166908 79 51 67
166944 58
167002 62
167258 72
167467 74 62
167746 72
167850 58
168013 77
168280 72
168547 79
168628 51
168826 72
169115 74
169373 72
169639 70
169919 72
170185 60 50 57
170289 65
170395 77
170463 72
170742 74
171009 72
171278 77
171556 72
171812 79 60
172090 72
172381 74
172659 72
172914 70
173195 72
173461 58 53 60 67
173740 72
174019 46 74
174298 72
174426 46
174576 53
174623 77
174832 72
174971 53
175111 65 57 60
175309 77
175379 72
175449 53
175657 74
175912 72
176191 70
176470 72
176598 60
176749 55 62 60
176807 65
176841 77
177027 72
177273 77 74 62
177562 72
177644 60
177900 77
178108 72
178352 79
178642 72
178933 74
179189 72
179456 70
179735 72
180013 79 67 62 51 58
180292 72
180571 74 62
180826 72
180954 58
181176 77
181374 72
181640 79
181919 72
182198 74
182476 72
182755 70
183022 72
183279 60 50 57
183360 65
183464 50
183627 72
183848 74
183999 57
184103 72
184463 77
184660 72
184915 79
185196 72
185462 74
185741 72
186008 70
186299 72
186565 53 65 60
186658 58
186845 72
187101 74
187367 72
187519 53 46
187716 65 77
187751 58
187925 70
188204 53 72 65 57 60
188331 77
