0 59 71
337 66
505 62
674 59 71
1011 66
1179 62
1348 59 71
1685 66
1853 62
2022 71 59
2359 66
2528 62
2696 59 71
3033 67
3202 62
3370 71 59
3707 67
3876 62
4044 71 59
4382 67
4550 62
4719 59 71
5056 67
5224 62
5393 69 57
5730 66
5898 62
6067 57 69
6404 66
6573 62
6741 69 57
7078 66
7247 62
7415 69 57
7752 66
7921 57
8089 73 69 64
10744 62 59
10786 71 66
11123 66
11460 62
11629 71
11966 66
12471 62
13146 71
13441 62 59
13483 71 67
13820 67
14157 62
14325 71
14662 67
15168 62
15842 71
16137 57 62
16179 69 66
16516 66
16853 62
17022 69
17359 66
17865 62
18539 69
18834 57 61
18876 69 64
21151 62
21235 66
21320 71
21404 74
21488 73
21573 71
21657 70
21741 71
23342 66 62
23426 71
23764 73
24101 74
24438 76
24775 78
25112 74
25533 78
25955 74
26460 78
28146 74 66
28904 73 64
29662 62 71 59
30168 66
31011 59
31516 66
31685 74
31853 73
32022 71
32190 69
32359 55 62 71
32865 67
33202 64
33539 62
33707 59
34213 67
34382 74
34550 66 62 73
34719 71
34887 66 73
35056 66 62 74
35561 69
35898 66 57
36235 62 66
36404 66
36573 62
36910 69
37078 74
37247 64 57 73
37415 74
37584 64 76
37752 69
39101 74
39775 73
40449 59 66 62 71
40786 47 54
41292 54
41460 59 47 54
41629 61
41797 62
42008 64
42134 54 47
42219 62
42471 61
42682 59
42808 47 54
42893 57
43146 55
43483 50 55 43
43651 62
44157 62 55 50 43
44831 55 50 43
45505 50 43 55
45842 62
46179 57 54 45
46516 62
46853 57 45 54
47190 62
47528 57 45 54
47865 62
48202 64 54 45
48370 61
48876 45 52
49550 52 45
50224 45 52
51235 59 47 66 62 71
51573 54 47
52078 42 54
52247 59 54 47
52415 61
52584 62
52794 42 64
52921 54 47
53005 62 42
53258 42 61
53469 42 59
53595 54 47
53679 42 57
53932 43 55 67 71 62 59
54269 55 43 50
54438 43 62
54943 62 55 43 50
55617 43 50 55
56292 50 55 43
56629 62 57 42 66 69
56966 42 57 54 45
57303 62 42
57640 57 42 45 54
57977 42 62
58314 42 57 54 45
58651 42 62
58988 64 45 54
59157 61 45
59325 61 69 64 57
59662 52 45
60337 45 52
61011 45 52
62022 59 47
62696 59 50
62865 59
63033 54
63202 61
63370 62 47
63539 61
63707 62
63876 61
64044 62 50
64297 61
64381 54
64550 59
64719 43
65393 59 47
65730 50
65898 61
66067 62 55
66235 61
66404 62
66573 61
66741 62 47
66994 64
67078 50
67247 57
67415 50
68089 57 54
68426 57
68764 62 50
68932 57
69101 62
69269 57
69438 62 54
69690 64
69943 64
70112 45
70280 61
70786 49
71123 52
71460 45
72134 49
72471 52
72808 59 47
73483 59 50
73820 54
73988 61
74157 62 42
74325 61
74494 62
74662 61
74831 62 50
75084 61
75168 54
75337 59
75505 43
76179 59 47
76516 50
76685 61
76853 62 55
77022 61
77190 62
77359 61
77528 62 47
77780 64
77865 50
78033 57
78202 50
78876 57 54
79044 57
79213 57
79550 62 50
79719 57
79887 62
80056 57
80224 62 54
80477 64
80730 64
80898 45
81067 61
81572 49
81910 52
82247 62
82921 61
83595 47 59 66 71 62
83932 54 42 66
84269 42 54 62
84438 54 42 71
84606 42 54
84775 66
84943 42
85112 47 59
85280 62
85617 47 59
85955 57 45 71
86123 47 59
86292 67 71 59 62
86460 55 43
86629 67
86797 55 43
86966 62
87134 43 71
87303 43
87471 67
87640 50 59
87808 59
87977 62
88314 55 59
88651 61 52 71
88820 54 62
88988 57 62 66 69
89157 57 50
89325 66
89494 57
89662 50 62
89831 69
89999 50
90168 57 50 66
90337 54 62
90505 62
90674 62
90842 62
91011 57
91348 62 64 69
91516 61 64
91685 57 64 69 61
91853 57 61
92022 64
92359 61
92528 69
92865 64
93033 62 57
93707 54 61
94381 50 62 59 71 66
94719 47 54 66
95056 47 54 62
95224 54 71
95561 66
95730 50 54
95898 59
96067 62
96235 50
96404 54
96741 50 57 71
96910 59
97078 62 71 67 59
97247 47 55
97415 67
97584 47 55
97752 62
97921 71
98089 55 47
98258 67
98426 50 59
98595 59
98764 62
98932 55
99438 57 61 71
99606 62 55
99775 62 57 66 69
99943 57 54
100112 66
100280 54 57
100449 50 62
100617 69
100955 50 57 66
101123 54 62
101460 62
101797 57
102134 62 64 69
102303 61 64
102471 61 57 69 64
102640 57 61
102808 64
103146 61
103314 69
103651 64
103820 62
104157 61
104494 61
105168 54 71 66 62
105337 64 52
105505 54 66
105674 52 64
105842 54 66 62
106011 71
106179 52 64
106348 54 66
106685 64 52
106853 62
107022 66 54
107359 67 55
107528 71
107696 55 67
107865 67 71 62 59
108033 50 62
108202 67
108370 69
108707 62
109044 62 67
109381 67 62
109550 62
109719 62
110056 67 62
110224 69 71
110393 67
110561 69 66 62 57
110730 62 66
110898 66
111067 69
111404 62
111741 62 66
112078 66 62
112415 66 69
112584 64 67
112921 62 66 69
113089 64 57
113258 69 64 61 57
113595 64
113763 69
113932 64
114101 61
114438 64
114606 64
114943 61
115112 64
115280 61
115617 62 69
115955 54 71 66 62
116123 52 64
116292 54 66
116460 64 52
116629 66 54 62
116797 52 64 71
116966 66 54
117134 66
117471 64 52
117640 54 66 62
117808 52 64
117977 66 54
118314 55 67 71
118651 67 71 59 62
118820 62 50
118988 67
119157 69
119494 62
119831 55 62 67
120168 55 62 67
120337 67 55 62
120505 62
120842 62 55 67
121011 62 57 69 71
121179 55 67
121348 69 66 62 57
121516 62 66 54
121685 66
121853 69
122190 62
122528 54 62 66
122865 62 54 66
123202 69 57 66
123370 64 67 55
123707 54 62 66 69
123876 64 57 52
124044 69 64 61 57
125561 62
126572 59
126741 62 47
126910 59
127247 59
127415 62 50
127584 62
127752 62 54
127921 59
128089 62 42
128258 59
128595 59
128763 62 50
128932 62
129101 62 54
129269 59
129438 62 43
129606 59
129943 59
130112 62 47
130280 62
130449 62 50
130617 59
130786 62 55
130954 59
131039 59
131292 59
131460 64 47
131629 64
131797 64 50
131966 62
132134 64 50
132303 64
132471 64
132640 62
132808 64 54
132977 66
133146 62 57
133314 62
133483 62 50
133820 62
134157 64
134325 64
134494 64
134662 62
134831 64 45
134999 64
135168 64
135337 62
135505 64 49
135674 66
135842 62 52
136011 62
136179 62 45
136516 62
136685 62
136853 62
137022 62
137190 62
137359 59
137528 62 47
137696 62
137865 62
138033 59 66
138202 62 50 74
138370 62
138539 62 54 71
138707 59 74
138876 64 42
139044 66
139213 62 71
139550 62 50
139803 62
139887 54
140056 62
140224 43
140393 62
140561 62
140730 62 71
140898 62 47
141067 62
141235 62 73 50
141404 59 74
141572 64 55
141741 71
141910 62
142247 62 47
142415 62
142584 62 50
142752 62
142921 62 50
143089 66
143258 66
143426 66
143595 66 54
143763 69
143932 62 57
144101 62
144269 62 50
144606 62
144943 62
145112 66
145280 66
145449 66
145617 64 45
145870 64
146123 64
146292 64 49
146629 64 52
146797 62
146966 64 45
147303 62
147471 54
147640 62
147977 62
148146 62
148314 59 47
148651 59
148988 62 50
149325 54
149662 59 42
149999 59
150168 54
150337 62 50
150674 62 54
151011 59 43
151348 59
151516 55
151685 62 47
152022 62 50
152359 59 55
152696 59
153033 64 47
153370 50
153539 62
153707 64 50
154044 62
154381 64 54
154719 57
154887 62
155056 64 50
155393 62
155561 62
156067 62
156404 61 45
156657 61
156910 61
157078 49
157415 61 52
157584 59
157752 62 45
158089 61
158258 54
158426 66 62
158763 62 66
158932 61
159101 62 59 47
159438 62 59
159775 62 66 50
160112 66 62 54
160449 59 47
160786 62 59
160954 54
161123 62 66 50
161460 62 66 54
161797 59 43
162134 62 59
162303 55
162471 62 67 47
162808 62 67 50
163145 59 62 55
163483 59 62
163820 64 67 47
164157 50
164325 62
164494 64 67 50
164831 62 66
165168 64 54
165505 57
165674 62
165842 64 50
166179 62
166348 62
166853 62
167190 61 45
167443 61
167696 61
167865 49
168202 61 52
168370 59
168539 62 45
168876 61
169213 59
169550 59
171235 62
171910 61
172584 47 59 62 71 66
172921 54 42 66
173258 42 54 62
173426 54 42 71
173763 54 66
173932 54
174101 59 47
174269 62
174606 59
174943 57 45 71
175112 59 47
175280 71 67 62 59
175449 55 43
175617 67
175786 43 55
175954 55 62
176123 55 43 71
176460 67
176629 59 50
176797 50
176966 62
177303 55
177640 52 61 71
177808 54 62
177977 62 57 66 69
178145 57 50
178314 66
178483 57
178651 50 62
178820 50 69
178988 50
179157 66
179325 54 62
179662 62
179999 57
180336 62 64 69
180505 61
180674 69 57 61 64
180842 57 61
181011 64
181348 61
181516 69
181853 64
182022 57 62
182696 61 54
183370 50 66 71 59 62
183707 54 47 66
184044 47 54 62
184213 54 47 71
184550 66
184719 50
184887 50 59
185056 62
185393 54
185730 50 57 71
185898 59
186067 59 62 71 67
186235 55 47
186404 67
186572 47 55
186741 55 62
186910 71
187078 47
187247 67
187415 50 59
187752 59 62
187921 55
188089 59
188426 61 57 71
188595 55 62
188763 62 69 66 57
188932 54 57
189101 66
189269 57 54
189438 50 57 62
189606 69
189775 50
189943 50 66
190112 54 62
190280 62 54
190449 62
190617 54 62
190786 57
191123 64 62 69
191292 61
191460 57 61 64 69
191629 57 61
191797 64
192134 61
192303 69
192640 64
192808 66 74
193483 64 73
194157 54 62 71 66
194325 64 52
194494 54 66
194662 64 52
194831 54 66 62
194999 71
195168 64 52
195336 54 66
195674 64 52
195842 62
196011 66 54
196348 55 67
196516 71
196685 55 67
196853 71 67 62 59
197022 50 62
197190 67
197528 62
197696 71
198033 62 67
198370 67 62
198539 67 62
198707 62
199044 62 67
199213 69 71
199381 67
199550 57 62 66 69
199719 66 62
199887 66
200224 62
200393 69
200730 62 66
201067 66 62
201404 69 66
201572 67 64
201910 62 66 69
202078 57 64
202247 57 64 69 61
202584 64
202921 64 61
203089 69
203426 64
203595 64
203763 64
203932 64 61
204269 61
204606 62 69
204943 54 66 71 62
205112 64 52
205280 54 66
205449 52 64
205617 54 66 62
205786 52 64 71
205954 66 54
206123 66
206460 52 64
206629 54 66 62
206797 64 52
206966 66 54
207303 55 67 71
207471 67
207640 71 62 67 59
207808 62 50
207977 67
208314 62
208483 71
208820 62 55 67
209157 62 55 67
209325 67 55 62
209494 62 55
209831 62 67 55
209999 69 57 71
210168 67 55
210336 69 57 62 66
210505 62 54 66
210674 66
211011 62
211179 69
211516 62 54 66
211853 62 54 66
212190 57 66 69
212359 64 67 55
212696 66 54 62 69
212865 57 52 64
213033 57 61 64 69
214381 62
215056 61
215730 59
216067 54 47
216404 54
216741 47 54
217247 59
217415 54 47
218089 57 47 54
218258 59
218595 55
218763 50 55 43
218932 55
219438 43 50 55
219606 55
219775 59
220112 50 43 55
220449 59
220786 61 43 50 55
220954 62
221292 57
221460 59 45 54
221629 57 61
221797 62
221966 57 64
222134 66 54 45
222303 67
222471 69
222640 62 66
222808 45 54
223145 66
223483 64 69 54 45
223651 64 67
223988 61 64
224157 52 45
224831 45 52
225505 52 45
225674 42 54
225842 50 62
226179 62 50
226516 47 71 62 66 59
226853 47 59 66
227190 50 62
227359 62 71
227527 50
227696 50 66
227865 47 59
228202 59 47 62
228370 54 42
228539 62 50
228876 50 62 71
229044 61 49
229213 47 59 67 71 62
229550 47 59 67
229718 43 55
229887 50 62
230056 71
230393 67
230561 59 55 67 47
230772 55 67
230898 59 47 62
230983 67 55
231235 55 67
231446 55 67
231572 71
231699 57 69
231910 55 67 69 66 62 57
232247 54 66
232584 62
232752 69
233089 62 66
233426 62 66
233595 62
233763 66 69
233932 67 64
234269 66 62 69
234438 64 61
234606 69 61 64 57
234943 64
235280 64 61
235449 69
235786 64
235954 64
236292 61
236460 54 42
236629 61 62 50
236966 50 62 69
237303 47 59 62 71 66
237640 47 59 66
237977 50 62
238145 62 71
238314 62
238483 66
238651 47 59
238988 47 59 62
239157 42 54
239325 62 50
239662 62 50 71
239831 49 61
239999 47 62 67 71 59
240336 59 47 67
240505 55 43
240674 50 62
240842 62 50 71
241179 50 67
241348 47 67 59
241558 67
241685 47 59 62
241769 67
242022 67 62
242233 62 67
242359 71
242485 62 69
242696 62 67
242865 57
243033 62 66 59
243202 61
243370 62
243539 64
243707 66
243876 66 67
244044 69
244213 66
244550 69 66
244718 67
245056 66
245224 64
245730 57
246067 61
246404 57
246741 62
247415 61
248089 59
248426 54
