0 51
333 51
666 58
1000 51
1333 59
1666 51
2000 58
2333 51
2666 47
3000 47
3333 54
3666 56
4000 46
4333 46
4666 53
5000 41 54
5333 40 51
5666 51
6000 58
6333 51
6666 59
7000 51
7333 58
7666 51
8000 47
8333 47
8666 54
9000 56
9333 46
9666 46
10000 53
10333 54 41
10666 40 51
11000 51
11333 58
11666 51
12000 59
12333 51
12666 58
13000 51
13333 47
13666 47
14000 54
14333 56
14666 46
15000 46
15333 53
15666 41 54
16000 40 51
16333 51
16666 58
17000 51
17333 59
17666 51
18000 58
18333 51
18666 47
19000 47
19333 54
19666 56
20000 46
20333 46
20666 53
21000 54 41
21333 40 51
21666 51
22000 58
22333 51
22666 59
23000 51
23333 58
23666 51
24000 47
24333 47
24666 54
25000 56
25333 46
25666 46
26000 53
26333 54 41
26666 51 40
27000 51
27333 58
27666 51
28000 59
28333 51
28666 58
29000 51
29333 47
29666 47
30000 54
30333 56
30666 46
31000 46
31333 53
31666 41 54
32000 63 51 40
32333 63 51
32666 63 58
33000 63 51
33333 63 59
33666 63 51
34000 63 58
34333 63 51
34666 63 47
35000 63 47
35333 63 54
35666 63 56
36000 63 46
36333 63 46
36666 63 53
37000 63 54 41
37333 63 75 40 51
37666 63 75 51
38000 75 63 58
38333 63 75 51
38666 75 63 59
39000 75 63 51
39333 63 75 58
39666 63 75 51
40000 75 63 47
40333 63 75 47
40666 63 75 54
41000 75 63 56
41333 75 63 46
41666 63 75 46
42000 63 75 53
42333 63 75 54
42666 66 59 71 78 41
43000 66 71 78 59 40
43333 78 66 59 71 40
43666 78 71 66 59
44000 59 78 71 66 41
44333 59 71 78 66 40
44666 59 78 66 71 40
45000 78 59 66 71
45333 66 78 71 59 41
45666 59 71 78 66 40
46000 66 59 78 71 40
46333 78 59 71 66
46666 66 78 59 71 41
47000 70 58 77 65 40
47333 65 58 77 70 40
47666 70 75 63
48000 75 63 70 41
48333 75 70 63 40
48666 63 70 75 40
49000 75 63 70
49333 70 63 75 41
49666 75 70 63 40
50000 70 63 75 40
50333 75 70 63
50666 59 71 78 66 41
51000 66 59 78 71 40
51333 59 78 66 71 40
51666 78 59 66 71
52000 71 78 59 66 41
52333 78 59 66 71 40
52666 66 78 59 71 40
53000 77 65 58 70
53333 71 78 66 59 41
53666 71 66 59 78 40
54000 78 71 59 66 40
54333 71 78 59 66
54666 66 78 71 59 41
55000 66 71 59 78 40
55333 66 59 71 78 40
55666 59 66 71 78
56000 70 65 58 77 41
56333 40
56666 58 70 65 77 40
57333 58 70 77 65 41
57666 40
58000 65 70 77 58 40
58666 63 75 40
59000 75 63
59333 70 40
59666 75 63
60000 71 40
60333 75 63
60666 70 40
61000 63 75
61333 71 59 40
61666 59 71
62000 78 66 40
62333 68
62666 70 58 40
63000 70 58
63333 77 65 40
63666 78 66
64000 63 75 40
64333 63 75
64666 70 40
65000 75 63
65333 71 40
65666 75 63
66000 70 40
66333 63 75
66666 59 71 40
67000 71 59
67333 66 78 40
67666 68
68000 70 58 40
68333 58 70
68666 77 65 40
69000 78 66
69333 63 75 40
69666 75 63
70000 70 40
70333 75 63
70666 71 40
71000 63 75
71333 70 40
71666 63 75
72000 59 71 40
72333 71 59
72666 78 66 40
73000 68
73333 70 58 40
73666 70 58
74000 77 65 40
74333 78 66
74666 63 75 40
75000 75 63
75333 70 40
75666 75 63
76000 71 40
76333 63 75
76666 70 40
77000 63 75
77333 71 59 40
77666 59 71
78000 66 78 40
78333 68
78666 70 58 40
79000 58 70
79333 65 77 40
79666 78 66
80000 75 63 40 51
80333 51
80666 58 40
81000 51
81333 59 40
81666 51
82000 40 58
82333 51
82666 40 47
83000 47
83333 54 40
83666 56
84000 40 46
84333 46
84666 40 53
85000 54
85333 51 40
85666 51
86000 40 58
86333 51
86666 40 59
87000 51
87333 58 40
87666 51
88000 47 40
88333 47
88666 54 40
89000 56
89333 46 40
89666 46
90000 40 53
90333 54
90666 51 40
91000 51
91333 40 58
91666 51
92000 40 59
92333 51
92666 40 58
93000 51
93333 47 40
93666 47
94000 54 40
94333 56
94666 46 40
95000 46
95333 53 40
95666 54
96000 40 51
96333 51
96666 58 40
97000 51
97333 59 40
97666 51
98000 40 58
98333 51
98666 47 40
99000 47
99333 40 54
99666 56
100000 46 40
100333 46
100666 53 40
101000 54
101333 63 40 51
101666 63 51
102000 63 58 40
102333 63 51
102666 63 59 40
103000 63 51
103333 63 40 58
103666 63 51
104000 63 40 47
104333 63 47
104666 63 54 40
105000 63 56
105333 63 40 46
105666 63 46
106000 63 40 53
106333 63 54
106666 63 75 51 40
107000 75 63 51
107333 75 63 58 40
107666 63 75 51
108000 75 63 40 59
108333 75 63 51
108666 75 63 58 40
109000 75 63 51
109333 71 59 47 40
109666 59 71 47
110000 59 71 54 40
110333 59 71 56
110666 58 70 40 46
111000 58 70 46
111333 58 70 40 53
111666 58 70 54
112000 63 75 51 40
112333 75 63 51
112666 75 63 58 40
113000 75 63 51
113333 75 63 40 59
113666 63 75 51
114000 63 75 58 40
114333 75 63 51
114666 59 71 40 47
115000 59 71 47
115333 59 71 54 40
115666 59 71 56
116000 58 70 46 40
116333 58 70 46
116666 58 70 53 40
117000 70 58 54
117333 75 63 51 40
117666 75 63 51
118000 75 63 58 40
118333 75 63 51
118666 75 63 59 40
119000 63 75 51
119333 63 75 40 58
119666 75 63 51
120000 71 59 40 47
120333 71 59 47
120666 71 59 40 54
121000 59 71 56
121333 58 70 40 46
121666 70 58 46
122000 58 70 40 53
122333 70 58 54
122666 78 59 66 71 40
123000 78 71 59 66 40
123333 66 59 78 71 40
123666 71 78 59 66
124000 78 66 71 59 40
124333 78 59 71 66 40
124666 66 78 71 59 40
125000 71 59 78 66
125333 71 59 78 66 40
125666 59 71 78 66 40
126000 71 59 66 78 40
126333 66 59 78 71
126666 66 59 71 78 40
127000 70 58 77 65 40
127333 77 65 70 58 40
127666 70 75 63
128000 63 70 75 40
128333 75 63 70 40
128666 75 70 63 40
129000 70 75 63
129333 63 70 75 40
129666 70 75 63 40
130000 70 75 63 40
130333 63 70 75
130666 78 59 66 71 40
131000 78 59 66 71 40
131333 78 71 59 66 40
131666 59 66 78 71
132000 71 59 66 78 40
132333 71 66 78 59 40
132666 78 71 59 66 40
133000 58 77 65 70
133333 71 78 66 59 40
133666 66 71 78 59 40
134000 71 66 59 78 40
134333 59 66 71 78
134666 71 66 78 59 40
135000 78 71 59 66 40
135333 59 71 66 78 40
135666 59 66 78 71
136000 77 65 70 58 40
136333 70 65 77 58 40
136666 70 65 58 77 40
137000 65 77 70 58
137333 58 70 65 77 40
137666 77 58 65 70 40
138000 77 70 58 65 40
138333 65 70 77 58
138666 63 75 40
139000 63 75 40
139333 75 63 40
139666 75 63 40
140000 63 75 40
140333 63 75 40
140666 75 63 40
141000 63 75 40
141333 59 71 40
141666 59 71 40
142000 59 71 40
142333 59 71 40
142666 71 59 40
143000 71 59 40
143333 59 71 40
143666 71 59 40
144000 75 63 40
144333 63 75 40
144666 63 75 40
145000 75 63 40
145333 63 75 40
145666 75 63 40
146000 63 75 40
146333 63 75 40
146666 59 71 40
147000 71 59 40
147333 71 59 40
147666 59 71 40
148000 71 59 40
148333 71 59 40
148666 71 59 40
149000 71 59 40
149333 75 63 40
149666 63 75 40
150000 63 75 40
150333 75 63 40
150666 63 75 40
151000 63 75 40
151333 63 75 40
151666 63 75 40
152000 71 59 40
152333 71 59 40
152666 71 59 40
153000 59 71 40
153333 59 71 40
153666 71 59 40
154000 59 71 40
154333 59 71 40
154666 75 63 40
155000 63 75 40
155333 63 75 40
155666 75 63 40
156000 63 75 40
156333 75 63 40
156666 63 75 40
157000 75 63 40
157333 59 71 40
157666 59 71 40
158000 59 71 40
160000 73 40 51
160333 40 51
160666 58 40
161000 75 51 41
161333 40 59
161666 78 40 51
162000 58 40
162333 73 51 41
162666 75 47 40
163000 40 47
163333 40 54
163666 73 41 56
164000 70 40 46
164333 46 40
164666 70 40 53
165000 54 41
165333 63 75 51 40
165666 51 40
166000 73 61 58 40
166333 75 63 41 51
166666 59 40
167000 56 68 40 51
167333 40 58
167666 41 51
168000 58 70 40 47
168333 40 47
168500 68 56
168666 58 70 40 54
169000 56 41
169166 68 56
169333 58 70 40 46
169666 51 63 40 46
170000 51 63 40 53
170333 54 41
170500 61 49
170666 51 63 51 40
171000 66 54 51 40
171333 56 68 40 58
171666 68 56 41 51
172000 40 59
172333 40 51
172666 54 66 58 40
173000 56 68 51 41
173333 58 70 47 40
173666 40 47
174000 73 61 40 54
174333 75 63 56 41
174666 66 78 46 40
175000 46 40
175333 53 40
175666 54 41
176000 68 40 51
176333 51 40
176666 58 40
177000 73 41 51
177333 75 59 40
177666 51 40
178000 73 40 58
178333 41 51
178666 78 40 47
179000 47 40
179333 54 40
179666 56 41
180000 46 40
180333 40 46
180666 40 53
181000 54 41
181333 75 40
181666 40
182000 40
182333 40
182666 40
183000 40
183333 40
183666 40
184000 40
184333 40
184666 40
185000 40
185333 40
185666 40
186000 40
186333 40
186666 40
187000 40
187333 40
187666 40
188000 40
188333 40
188666 40
189000 40
189333 40
189666 40
190000 40
190333 40
190666 40
191000 40
191333 40
191666 40
192000 40
192333 40
192666 40
193000 40
193333 40
193666 40
194000 40
194333 40
194666 40
195000 40
195333 40
195666 40
196000 40
196333 40
196666 40
197000 40
197333 40
197666 40
198000 40
198333 40
198666 40
199000 40
199333 40
199666 40
200000 40
200333 40
200666 40
201000 40
201333 40
201666 40
202000 40
202333 40
202666 75 40 51
203000 75 40 51
203333 75 58 40
203666 75 40 51
204000 75 59 40
204333 75 51 40
204666 75 40 58
205000 75 40 51
205333 71 47 40
205666 71 47 40
206000 71 40 54
206333 71 56 40
206666 70 46 40
207000 70 40 46
207333 70 53 40
207666 70 40 54
208000 75 51 40
208333 75 40 51
208666 75 58 40
209000 75 40 51
209333 75 59 40
209666 75 51 40
210000 75 40 58
210333 75 51 40
210666 71 47 40
211000 71 40 47
211333 71 54 40
211666 71 40 56
212000 70 40 46
212333 70 40 46
212666 70 40 53
213000 70 40 54
213333 75 51 40
213666 75 51 40
214000 75 40 58
214333 75 40 51
214666 75 40 59
215000 75 51 40
215333 75 40 58
215666 75 40 51
216000 71 47 40
216333 71 40 47
216666 71 40 54
217000 71 56 40
217333 70 40 46
217666 70 46 40
218000 70 40 53
218333 70 40 54
218666 75 40 51
219000 75 51 40
219333 75 58 40
219666 75 40 51
220000 75 40 59
220333 75 40 51
220666 75 40 58
221000 75 40 51
221333 71 47 40
221666 71 40 47
222000 71 40 54
222333 71 40 56
222666 71 46 40
223000 71 46 40
223333 71 40 53
223666 71 40 54
224000 71 66 78 59 75 41
224333 66 78 59 71 40
224666 78 73 59 71 66 40
225000 59 78 71 66 75
225333 78 59 66 71 41
225666 78 71 59 66 78 40
226000 66 59 71 78 40
226333 66 77 59 78 71
226666 75 78 59 66 71 41
227000 66 71 59 78 73 40
227333 59 78 66 71 40
227666 59 71 66 78 75
228000 66 59 71 78 41
228333 58 65 77 70 40
228666 77 65 70 58 40
229000 75 70 63
229333 75 63 70 75 41
229666 75 63 70 40
230000 63 73 70 75 40
230333 63 70 75 75
230666 75 63 70 41
231000 77 75 70 63 40
231333 70 63 75 78 40
231666 63 70 75
232000 59 78 66 71 75 41
232333 71 59 66 78 40
232666 66 78 71 73 59 40
233000 71 78 59 66 75
233333 71 78 66 59 41
233666 59 78 66 71 40
234000 59 78 71 66 40
234333 65 77 58 70
234666 59 71 78 66 41
235000 66 71 59 78 40
235333 59 66 71 78 40
235666 78 59 71 66
236000 59 66 78 71 41
236333 66 78 59 71 40
236666 78 71 59 66 40
237000 66 59 78 71
237333 58 65 77 70 41
237666 70 77 65 58 40
238000 70 58 77 65 40
238333 77 58 65 70
238666 65 58 77 70 41
239000 58 65 70 77 40
239333 70 77 58 65 40
239666 58 77 65 70
240000 71 66 78 59 41
240333 78 59 66 71 40
240666 66 59 71 78 40
241000 71 78 59 66
241333 66 78 71 59 41
241666 66 71 59 78 40
242000 66 78 59 71 40
242333 71 78 66 59
242666 77 65 70 58 41
243000 77 58 70 65 40
243333 70 58 77 65 40
243666 65 70 58 77
244000 70 77 65 58 41
244333 70 65 77 58 40
244666 77 70 58 65 40
245000 70 77 65 58
245333 75 63 70 41
245666 63 70 75 40
246000 63 70 75 40
246333 75 70 63
246666 70 75 63 41
247000 63 75 70 40
247333 63 70 75 40
247666 70 63 75
248000 59 71 66 78
249333 77 70 65 58
250666 75
