0 57
387 52
774 55
1161 53
1548 50
1935 50
2322 57
2709 55
3096 52
3483 40
3870 55
4258 57
4645 53
5032 50
5419 50
6193 55
6580 58
6967 62
7354 60
7741 57
8129 53
8516 57
8903 55
9290 52
9677 52
10064 55
10451 57
10838 53
11225 50
11612 50
12387 57
12774 52
13161 55
13548 53
13935 50
14322 50
14709 57
15096 55
15483 52
15870 53
16258 55
16645 57
17032 53
17419 50
17806 50
18580 55
18967 58
19354 62
19741 60
20128 57
20516 53
20903 57
21290 55
21677 52
22064 52
22451 55
22838 57
23225 53
23612 50
23999 50
24774 76 57
25548 72 53
26322 74 55
27096 71 52
27870 53 72
28258 41
28645 50 69
29032 40
29419 49 68
30193 52 71
30580 40
30967 57 76
31354 45
31741 53 72
32128 41
32516 55 74
32903 43
33290 52 71
33677 40
34064 53 72
34257 41
34451 57 76
34645 45
34838 62
35225 50
35612 61
36387 49
37161 69 57
37257 69 57
37354 69 57
37451 69 57
37548 64 52
37645 64 52
37741 64 52
37838 64 52
37935 67 55
38032 67 55
38128 67 55
38225 67 55
38322 65 53
38419 65 53
38516 65 53
38612 65 53
38709 62 50
38806 62 50
38903 62 50
38999 62 50
39096 62 50
39193 62 50
39290 62 50
39387 62 50
39483 69 57
39580 69 57
39677 69 57
39774 69 57
39870 67 55
39967 67 55
40064 67 55
40161 67 55
40257 64 52
40354 64 52
40451 64 52
40548 64 52
40645 52 40
40741 52 40
40838 52 40
40935 52 40
41032 67 55
41128 67 55
41225 67 55
41322 67 55
41419 69 57
41516 69 57
41612 69 57
41709 69 57
41806 65 53
41903 65 53
41999 65 53
42096 65 53
42193 62 50
42290 62 50
42387 62 50
42483 62 50
42580 62 69 50
43354 67 55
43451 67 55
43548 67 55
43645 67 55
43741 70 58
43838 70 58
43935 70 58
44032 70 58
44128 74 62
44225 74 62
44322 74 62
44419 74 62
44516 72 60
44612 72 60
44709 72 60
44806 72 60
44903 69 57
44999 69 57
45096 69 57
45193 69 57
45290 65 53
45387 65 53
45483 65 53
45580 65 53
45677 69 57
45774 69 57
45870 69 57
45967 69 57
46064 67 55
46161 67 55
46257 67 55
46354 67 55
46451 64 52
46548 64 52
46645 64 52
46741 64 52
46838 64 52
46935 64 52
47032 65 53
47128 65 53
47225 67 55
47322 67 55
47419 67 55
47516 67 55
47612 69 57
47709 69 57
47806 69 57
47903 69 57
47999 53 65 72
48096 53
48193 53
48290 53
48387 50 62 69
48483 50
48580 50
48677 50
48774 62 69 50
49548 57
49645 57
49741 57
49838 57
49935 57
50032 57
50128 57
50225 57
50322 57
50419 57
50516 57
50612 57
50709 57
50806 57
50903 57
50999 57
51096 50
51193 50
51290 50
51386 50
51483 50
51580 50
51677 50
51774 50
51870 50
51967 50
52064 50
52161 50
52257 50
52354 50
52451 50
52548 50
52645 52
52741 52
52838 52
52935 52
53032 52
53128 52
53225 52
53322 52
53419 52
53516 52
53612 52
53709 52
53806 52
53903 52
53999 52
54096 52
54193 53
54290 53
54386 53
54483 53
54580 50
54677 50
54774 50
54870 50
54967 50
55741 55
55838 55
55935 55
56032 55
56128 58
56225 58
56322 58
56419 58
56516 62
56612 62
56709 62
56806 62
56903 60
56999 60
57096 60
57193 60
57290 57
57386 57
57483 57
57580 57
57677 53
57774 53
57870 53
57967 53
58064 57
58161 57
58257 57
58354 57
58451 55
58548 55
58645 55
58741 55
58838 52
58935 52
59032 52
59128 52
59225 52
59322 52
59419 53
59516 53
59612 55
59709 55
59806 55
59903 55
59999 57
60096 57
60193 57
60290 57
60386 53
60483 53
60580 53
60677 53
60774 50
60870 50
60967 50
61064 50
61161 50
61935 62 69 57
62128 57
62322 57
62516 57
62709 58 65 53
62903 53
63096 53
63290 53
63483 55 60 67
63677 55
63870 55
64064 55
64257 52 57 64
64451 52
64645 52
64838 52
65032 58 65 53
65225 53
65419 41
65612 41
65806 55 62 50
65999 50
66193 40
66386 40
66580 54 61 49
66774 54 61 49
67354 57 64 52
67548 57 64 52
67741 52 40
67935 52 40
68128 62 69 57
68322 62 69 57
68515 62 69 57
68709 62 69 57
68903 58 65 53
69096 58 65 53
69290 58 65 53
69483 58 65 53
69677 60 67 55
69870 60 67 55
70064 60 67 55
70257 60 67 55
70451 57 64 52
70645 57 64 52
70838 57 64 52
71032 57 64 52
71225 65 53
71419 53 41
71612 69 57
71806 57 45
71999 74 62
72386 50
72774 61 73
72967 61
73161 61
73354 61
73548 49 61
73741 49
73935 49
74128 49
74322 69 57
74419 69 57
74515 69 57
74612 69 57
74709 69 57
74806 69 57
74903 69 57
74999 69 57
75096 65 53
75193 65 53
75290 65 53
75386 65 53
75483 65 53
75580 65 53
75677 65 53
75774 65 53
75870 67 55
75967 67 55
76064 67 55
76161 67 55
76257 67 55
76354 67 55
76451 67 55
76548 67 55
76645 64 52
76741 64 52
76838 64 52
76935 64 52
77032 64 52
77128 64 52
77225 64 52
77322 64 52
77419 65 53
77515 65
77612 65 53
77709 65
77806 65 41
77903 65
77999 65 41
78096 65
78193 62 50
78290 62
78386 62 50
78483 62
78580 62 40
78677 62
78774 62 40
78870 62
78967 61 49
79064 61 49
79161 61 49
79257 61 49
79354 61 49
79451 61 49
79548 61 49
79645 61 49
79741 64 52
79838 64 52
79935 64 52
80032 64 52
80128 52 40
80225 52 40
80322 52 40
80419 52 40
80515 69 57
80612 69 57
80709 69 57
80806 69 57
80903 69 57
80999 69 57
81096 69 57
81193 69 57
81290 65 53
81386 65 53
81483 65 53
81580 65 53
81677 65 53
81774 65 53
81870 65 53
81967 65 53
82064 67 55
82161 67 55
82257 67 55
82354 67 55
82451 67 55
82548 67 55
82644 67 55
82741 67 55
82838 64 52
82935 64 52
83032 64 52
83128 64 52
83225 64 52
83322 64 52
83419 64 52
83515 64 52
83612 65 53
83806 53 41
83999 69 57
84193 57 45
84386 74 62
85161 61 73
85257 61
85354 61
85451 61
85548 61
85644 61
85741 61
85838 61
85935 49 61
86032 49
86128 49
86225 49
86322 49
86419 49
86515 49
86612 49
86709 69 57
86806 69 57
86903 69 57
86999 69 57
87096 69 57
87193 69 57
87290 69 57
87386 69 57
87483 65 53
87580 65 53
87677 65 53
87774 65 53
87870 65 53
87967 65 53
88064 65 53
88161 65 53
88257 67 55
88354 67 55
88451 67 55
88548 67 55
88644 67 55
88741 67 55
88838 67 55
88935 67 55
89032 64 52
89128 64 52
89225 64 52
89322 64 52
89419 64 52
89515 64 52
89612 64 52
89709 64 52
89806 65 53
89903 65
89999 65 53
90096 65
90193 65 41
90290 65
90386 65 41
90483 65
90580 62 50
90677 62
90774 62 50
90870 62
90967 62 40
91064 62
91161 62 40
91257 62
91354 61 49
91451 61 49
91548 61 49
91644 61 49
91741 61 49
91838 61 49
91935 61 49
92032 61 49
92128 64 52
92225 64 52
92322 64 52
92419 64 52
92515 52 40
92612 52 40
92709 52 40
92806 52 40
92903 69 57
92999 69 57
93096 69 57
93193 69 57
93290 69 57
93386 69 57
93483 69 57
93580 69 57
93677 65 53
93774 65 53
93870 65 53
93967 65 53
94064 65 53
94161 65 53
94257 65 53
94354 65 53
94451 67 55
94548 67 55
94644 67 55
94741 67 55
94838 67 55
94935 67 55
95032 67 55
95128 67 55
95225 64 52
95322 64 52
95419 64 52
95515 64 52
95612 64 52
95709 64 52
95806 64 52
95903 64 52
95999 65 53
96193 53 41
96386 69 57
96580 57 45
96774 74 62
97548 61 73
97644 61
97741 61
97838 61
97935 61
98032 61
98128 61
98225 61
98322 49 61
98419 49
98515 49
98612 49
98709 49
98806 49
98903 49
98999 49
99096 57
99483 52
99870 55
100257 53
100644 50
101032 50
101419 57
101806 55
102193 52
102580 53
102967 55
103354 57
103741 53
104128 50
104515 50
105290 55
105677 58
106064 62
106451 60
106838 57
107225 53
107612 57
107999 55
108386 52
108773 52
109161 55
109548 57
109935 53
110322 50
110709 50
111483 76 57
112257 72 53
113032 74 55
113806 71 52
114580 53 72
114967 41
115354 50 69
115741 40
116128 49 68
116902 52 71
117290 40
117677 57 76
118064 45
118451 53 72
118838 41
119225 55 74
119612 43
119999 52 71
120386 40
120773 53 72
120967 41
121161 57 76
121354 45
121548 62
121935 50
122322 61
123096 49
123870 69 57
123967 69 57
124064 69 57
124161 69 57
124257 64 52
124354 64 52
124451 64 52
124548 64 52
124644 67 55
124741 67 55
124838 67 55
124935 67 55
125032 65 53
125128 65 53
125225 65 53
125322 65 53
125419 62 50
125515 62 50
125612 62 50
125709 62 50
125806 62 50
125902 62 50
125999 62 50
126096 62 50
126193 69 57
126290 69 57
126386 69 57
126483 69 57
126580 67 55
126677 67 55
126773 67 55
126870 67 55
126967 64 52
127064 64 52
127161 64 52
127257 64 52
127354 52 40
127451 52 40
127548 52 40
127644 52 40
127741 67 55
127838 67 55
127935 67 55
128032 67 55
128128 69 57
128225 69 57
128322 69 57
128419 69 57
128515 65 53
128612 65 53
128709 65 53
128806 65 53
128902 62 50
128999 62 50
129096 62 50
129193 62 50
129290 62 69 50
130064 67 55
130161 67 55
130257 67 55
130354 67 55
130451 70 58
130548 70 58
130644 70 58
130741 70 58
130838 74 62
130935 74 62
131031 74 62
131128 74 62
131225 72 60
131322 72 60
131419 72 60
131515 72 60
131612 69 57
131709 69 57
131806 69 57
131902 69 57
131999 65 53
132096 65 53
132193 65 53
132290 65 53
132386 69 57
132483 69 57
132580 69 57
132677 69 57
132773 67 55
132870 67 55
132967 67 55
133064 67 55
133161 64 52
133257 64 52
133354 64 52
133451 64 52
133548 64 52
133644 64 52
133741 65 53
133838 65 53
133935 67 55
134031 67 55
134128 67 55
134225 67 55
134322 69 57
134419 69 57
134515 69 57
134612 69 57
134709 53 65 72
134806 53
134902 53
134999 53
135096 50 62 69
135193 50
135290 50
135386 50
135483 62 69 50
136257 57
136354 57
136451 57
136548 57
136644 57
136741 57
136838 57
136935 57
137031 57
137128 57
137225 57
137322 57
137419 57
137515 57
137612 57
137709 57
137806 50
137902 50
137999 50
138096 50
138193 50
138290 50
138386 50
138483 50
138580 50
138677 50
138773 50
138870 50
138967 50
139064 50
139161 50
139257 50
139354 52
139451 52
139548 52
139644 52
139741 52
139838 52
139935 52
140031 52
140128 52
140225 52
140322 52
140419 52
140515 52
140612 52
140709 52
140806 52
140902 53
140999 53
141096 53
141193 53
141290 50
141386 50
141483 50
141580 50
141677 50
142451 55
142548 55
142644 55
142741 55
142838 58
142935 58
143031 58
143128 58
143225 62
143322 62
143419 62
143515 62
143612 60
143709 60
143806 60
143902 60
143999 57
144096 57
144193 57
144290 57
144386 53
144483 53
144580 53
144677 53
144773 57
144870 57
144967 57
145064 57
145161 55
145257 55
145354 55
145451 55
145548 52
145644 52
145741 52
145838 52
145935 52
146031 52
146128 53
146225 53
146322 55
146419 55
146515 55
146612 55
146709 57
146806 57
146902 57
146999 57
147096 53
147193 53
147290 53
147386 53
147483 50
147580 50
147677 50
147773 50
147870 50
148644 62 69 57
148838 57
149031 57
149225 57
149419 58 65 53
149612 53
149806 53
149999 53
150193 55 60 67
150386 55
150580 55
150773 55
150967 52 57 64
151160 52
151354 52
151548 52
151741 58 65 53
151935 53
152128 41
152322 41
152515 55 62 50
152709 50
152902 40
153096 40
153290 54 61 49
153483 54 61 49
154064 57 64 52
154257 57 64 52
154451 52 40
154644 52 40
154838 62 69 57
155031 62 69 57
155225 62 69 57
155419 62 69 57
155612 58 65 53
155806 58 65 53
155999 58 65 53
156193 58 65 53
156386 60 67 55
156580 60 67 55
156773 60 67 55
156967 60 67 55
157160 57 64 52
157354 57 64 52
157548 57 64 52
157741 57 64 52
157935 65 53
158128 53 41
158322 69 57
158515 57 45
158709 74 62
159096 50
159483 61 73
159677 61
159870 61
160064 61
160257 49 61
160451 49
160644 49
160838 49
161031 69 57
161128 69 57
161225 69 57
161322 69 57
161419 69 57
161515 69 57
161612 69 57
161709 69 57
161806 65 53
161902 65 53
161999 65 53
162096 65 53
162193 65 53
162289 65 53
162386 65 53
162483 65 53
162580 67 55
162677 67 55
162773 67 55
162870 67 55
162967 67 55
163064 67 55
163160 67 55
163257 67 55
163354 64 52
163451 64 52
163548 64 52
163644 64 52
163741 64 52
163838 64 52
163935 64 52
164031 64 52
164128 65 53
164225 65
164322 65 53
164419 65
164515 65 41
164612 65
164709 65 41
164806 65
164902 62 50
164999 62
165096 62 50
165193 62
165289 62 40
165386 62
165483 62 40
165580 62
165677 61 49
165773 61 49
165870 61 49
165967 61 49
166064 61 49
166160 61 49
166257 61 49
166354 61 49
166451 64 52
166548 64 52
166644 64 52
166741 64 52
166838 52 40
166935 52 40
167031 52 40
167128 52 40
167225 69 57
167322 69 57
167419 69 57
167515 69 57
167612 69 57
167709 69 57
167806 69 57
167902 69 57
167999 65 53
168096 65 53
168193 65 53
168289 65 53
168386 65 53
168483 65 53
168580 65 53
168677 65 53
168773 67 55
168870 67 55
168967 67 55
169064 67 55
169160 67 55
169257 67 55
169354 67 55
169451 67 55
169548 64 52
169644 64 52
169741 64 52
169838 64 52
169935 64 52
170031 64 52
170128 64 52
170225 64 52
170322 65 53
170515 53 41
170709 69 57
170902 57 45
171096 74 62
171870 61 73
171967 61
172064 61
172160 61
172257 61
172354 61
172451 61
172548 61
172644 49 61
172741 49
172838 49
172935 49
173031 49
173128 49
173225 49
173322 49
173419 69 57
173515 69 57
173612 69 57
173709 69 57
173806 69 57
173902 69 57
173999 69 57
174096 69 57
174193 65 53
174289 65 53
174386 65 53
174483 65 53
174580 65 53
174677 65 53
174773 65 53
174870 65 53
174967 67 55
175064 67 55
175160 67 55
175257 67 55
175354 67 55
175451 67 55
175548 67 55
175644 67 55
175741 64 52
175838 64 52
175935 64 52
176031 64 52
176128 64 52
176225 64 52
176322 64 52
176419 64 52
176515 65 53
176612 65
176709 65 53
176806 65
176902 65 41
176999 65
177096 65 41
177193 65
177289 62 50
177386 62
177483 62 50
177580 62
177677 62 40
177773 62
177870 62 40
177967 62
178064 61 49
178160 61 49
178257 61 49
178354 61 49
178451 61 49
178548 61 49
178644 61 49
178741 61 49
178838 64 52
178935 64 52
179031 64 52
179128 64 52
179225 52 40
179322 52 40
179418 52 40
179515 52 40
179612 69 57
179709 69 57
179806 69 57
179902 69 57
179999 69 57
180096 69 57
180193 69 57
180289 69 57
180386 65 53
180483 65 53
180580 65 53
180677 65 53
180773 65 53
180870 65 53
180967 65 53
181064 65 53
181160 67 55
181257 67 55
181354 67 55
181451 67 55
181548 67 55
181644 67 55
181741 67 55
181838 67 55
181935 64 52
182031 64 52
182128 64 52
182225 64 52
182322 64 52
182418 64 52
182515 64 52
182612 64 52
182709 65 53
182902 53 41
183096 69 57
183289 57 45
183483 74 62
184257 61 73
184354 61
184451 61
184548 61
184644 61
184741 61
184838 61
184935 61
185031 49 61
185128 49
185225 49
185322 49
185418 49
185515 49
185612 49
185709 49
185806 65 53
185902 59 53
185999 60 53
186096 59 53
186193 65 53
186289 59 53
186386 60 53
186483 59 53
186580 64 52
186677 57 52
186773 59 52
186870 52
186967 64 52
187064 57 52
187160 59 52
187257 57 52
187354 52 45
187451 57 45
187548 59 45
187644 52 45
187741 57 45
187838 59 45
187935 52 45
188031 57 45
188128 59 45
188225 52 45
188322 59 45
188418 57 45
188515 52 45
188612 59 45
188709 57 45
188806 59 45
188902 40 59
189096 42
189289 43
189483 45
189677 47
189870 48
190064 50
190257 52
190451 55
191999 52 59 64 40
192193 40 52 59 64
