0 76 60
136 77
272 79
545 60
818 76
954 77
1090 79 60
1636 60
2181 79 60
2454 76
2590 77
2727 79 60
3272 60
3818 60
4363 41 79
4636 53
4909 76 43
5045 76
5181 55
5318 72
5454 75 40
5590 74
5727 72 52
5999 45 72
6272 57 74
6545 75
6818 75 50
6954 74
7090 72 43
7227 74
7363 76 55
7499 79
7772 76
7909 79 48
8045 74
8181 76
8318 72
8454 74 48
8590 72
8727 41 76
8999 53 79
9272 43
9409 76
9545 79 55
9681 74
9818 76 40
9954 72
10090 75 52
10227 76
10363 75 45
10499 74
10636 72 57
10772 74
10909 75
11181 72 50
11318 74
11454 76 43
11590 79
11727 74 55
11863 76
11999 74
12136 72
12272 74 48
12545 72
12818 74 48
13090 79 41
13363 53
13636 76 43
13772 76
13909 55
14045 72
14181 75 40
14318 74
14454 72 52
14727 45 72
14999 57 74
15272 75
15545 75 50
15681 74
15818 72 43
15954 74
16090 76 55
16227 79
16499 76
16636 79 48
16772 74
16909 76
17045 72
17181 74 48
17318 72
17454 41 76
17727 53 79
17999 43
18136 76
18272 79 55
18409 74
18545 76 40
18681 72
18818 75 52
18954 76
19090 75 45
19227 74
19363 72 57
19499 74
19636 75
19909 72 50
20045 74
20181 76 43
20318 79
20454 74 55
20590 76
20727 74
20863 72
20999 74 48
21272 72
21545 48 74
21818 72 53
22090 67 57
22227 69
22363 60 72
22636 67 65
22772 69
22909 72 52
23045 74
23181 76 55
23318 72
23454 77 60
23590 76
23727 77 64
23863 79
23999 50 72
24272 72 53
24545 67 57
24681 69
24818 72 60
24954 67
25090 77 48
25227 76
25363 74 52
25499 72
25636 67 55
25772 64
25909 65 60
26045 67
26181 72 53
26454 67 57
26590 69
26727 72 60
26999 67 65
27136 69
27272 72 52
27409 72
27545 74 55
27681 76
27818 72 60
27954 67
28090 69 64
28227 67
28363 72 50
28636 72 53
28772 71
28909 72 57
29045 67
29181 69 60
29318 72
29454 77 48
29590 76
29727 77 52
29863 79
29999 72 55
30272 71 60
30545 72 53
30818 67 57
30954 69
31090 72 60
31363 67 65
31499 69
31636 72 52
31772 74
31909 76 55
32045 72
32181 77 60
32318 76
32454 77 64
32590 79
32727 72 50
32999 72 53
33272 67 57
33409 69
33545 72 60
33681 67
33818 77 48
33954 76
34090 74 52
34227 72
34363 67 55
34499 64
34636 65 60
34772 67
34909 72 53
35181 67 57
35318 69
35454 60 72
35727 67 65
35863 69
35999 72 52
36136 72
36272 74 55
36409 76
36545 72 60
36681 67
36818 69 64
36954 67
37090 50 72
37363 72 53
37499 71
37636 72 57
37772 67
37909 69 60
38045 72
38181 77 48
38318 76
38454 77 52
38590 79
38727 72 55
38999 60 74
