0 54 54 69 66
167 54 54
500 54 54 69 66
833 54 54
1000 61 69
1167 57 57
1333 69 64
1458 57 57
1833 69 64 57 57
2167 57 57
2333 61 69
2500 52 52
2667 69 59
2833 52 52
3167 52 52 59 69
3500 52 52
3667 69 59
3833 59 59
4000 59 69
4167 59 59
4500 69 59 59 62 59
4833 57 57
5000 56 56
5167 66 69 54 54
5500 54 54
5833 54 54 66 69
6167 54 54
6333 69 61
6500 57 57
6667 61 69
6792 57 57
7167 69 57 57 64
7500 57 57
7667 69 61
7833 52 64
8000 69 59
8167 52 64
8500 52 59 69
8833 64 52
9000 69 59
9167 59 59
9333 62 69 59
9500 59 59
9833 62 59 59 69 59
10167 57 57
10333 56 56
10500 54 54 69 66
10833 54 54
11167 54 54 66 69
11500 54 54
11667 69 61
11833 57 57
12000 69 61
12125 57 57
12500 57 57 61 69
12833 57 57
13000 69 61
13167 52 52
13333 69 59
13500 52 52
13833 59 69 52 52
14167 52 52
14333 69 64 59
14500 59 59
14667 59 62 69
14833 59 59
15167 59 62 69 59 59
15500 57 57
15667 56 56
15833 61 69 54 54
16167 54 54
16500 61 54 54 69
16833 54 54
17000 61 69
17167 57 57
17333 64 69
17458 57 57
17833 57 69 57 64
18167 57 57
18333 69 61
18500 52 64
18667 59 69
18833 64 52
19167 69 52 59
19500 52 64
19667 59 69
19833 59 59
20000 69 59 62
20167 59 59
20500 59 62 59 59 69
20833 57 57
21000 56 56
21167 54 54
21500 72
21563 73
21833 71 54 61 54 66
22167 54
22333 69 54
22500 57 71 57 61
22667 69
22833 71
23000 69
23167 57 61 71 57
23500 71 57
23667 69 57
23833 64 52 52 71
24000 69
24167 71
24333 69
24500 52 71 64 52
24833 52 73
25000 52 62 69
25167 71 59
25500 69 57
25667 59 71
26000 73 61
26500 71 59
26833 57 69
27167 54 66
27500 72
27563 73
27833 54 71 54 61 66
28167 54
28333 54 69
28500 57 71 57 61
28667 69
28833 71
29167 57 71 61 57
29500 57 71
29667 69 57
29833 52 64 52 71
30167 71
30333 69
30500 52 52 64 71
30833 73 52
31000 66 52 69
31167 59 71
31500 57 69
31667 59 71
32000 61 73
32583 73 66 54
32750 71 76
32917 73
33083 66 69 76
33250 54
33583 71 76 54
33750 73 69 78
33917 57
34250 71 76
34417 64 61 73
34583 57
34917 71 57
35083 69
35250 64 71 52
35750 66
35917 52 69 64
36083 71
36250 52 73 62 66
36583 59 69
36917 61
37083 66 59
37250 57 66
37417 56
37583 57 57 68
37750 59 69
37917 57 50 66
38250 66
38583 50 66 57
38917 66 50
39083 57 66
39250 69 71 52
39583 69 71 64
39917 52 69 71
40250 52
40583 73 54 69
41250 54 66
41583 66
41750 54
41917 66 54
42583 59 71
42917 57 69
43250 66 78 54
43583 72
43646 73
43917 61 71 54
44250 54
44417 69
44583 61 57 71
44750 69
44917 71
45083 69
45250 71 61 57
45583 71 57
45750 69
45917 71 52 64
46083 69
46250 71
46417 69
46583 64 52 71
46917 73 52
47083 62 69 66
47250 71 59
47583 57 69
47750 59 71
48083 61 73
48667 54 66
49000 72
49063 73
49333 54 66 71 61
49667 54
49833 69
50000 71 57 61
50167 69
50333 71
50500 69
50667 61 57 71
51000 57 71
51167 69
51333 52 64 71
51500 69
51667 71
51833 69
52000 64 71 52
52333 52 73
52500 62 66 69
52667 71 59
53000 57 69
53167 59 71
53500 61 73
54083 73 66 54
54250 71 76
54417 73
54583 71 76 66
54750 54
55083 71 76 54
55250 78 73 69
55417 57
55750 76 71
55917 64 73 61
56083 57
56417 57 71 69
56750 71 52 64
57250 66
57417 52 64 69
57583 71
57750 52 62 73
58083 69 59
58417 61
58583 66 59
58750 66 59 57
58917 56
59083 57 57 66
59250 69 59
59417 57 54 66
59750 66
60083 54 66 57
60417 54 57 66
60583 61 66 57
60750 57 57 69
60917 57 69
61083 69 57
61417 64 57 57 69
61750 57 64 69 57
61917 69 57 62
62083 71 52 76
62750 69 76 52
63083 69 76 52
63250 66
63417 59 74 66
63583 74 66
63750 66 74
64083 71 74 66 59
64417 69 59
64583 66 62 69
64750 50
65083 71
65250 66 62
65417 50
65750 68
65917 64 59 69
66083 52
66417 71
66583 66 59
66750 52
67083 68
67250 69 61
67417 54
67750 66
68083 54 66
68583 54 66
69083 66 54
69417 66 54
69750 69
69917 66 69 62
70083 50
70417 71
70583 66 62
70750 50
71083 68
71250 59 69 64
71417 52
71750 71
71917 59 66
72083 52
72417 68
72583 69 61
72750 66 54
73083 66
73417 54 66
73917 66 54
74083 61 49
74417 59
74750 57
75083 54 69
75250 62 66 69
75417 50
75750 71
75917 66 62
76083 50
76417 68
76583 64 59 69
76750 52
77083 71
77250 66 59
77417 52
77750 68 64
78083 73 69 57
78417 64 73 69
78583 73
78750 68 71 56
79083 73
79250 69 61 66
79417 54
79750 69
79917 69
80083 71 57 68
80250 73
80583 62 71 66
80750 59
80917 69
81083 66
81417 71 59
81917 59 71
82417 71 59
82750 59 71
83250 59 71
83417 59
83583 64
83750 66
84083 71
84417 66
84750 59
84917 64
85083 66
85417 71
85750 66
86083 59
86250 64
86417 66
86750 71
87083 66
87417 59
87583 64
87750 66
88083 71
88417 73 69
88750 69 50 62 62 73
89250 69 62
89417 50
89750 62
90083 54 66
90583 66
90750 54
91083 66
91417 57 69
91917 69
92083 57
92417 57 66
92583 61 69
92750 54
92917 66
93083 69
93250 66 54
93417 69 61
93750 69 54
94083 50 73 69 62 62
94583 69 66 62
94750 50
95083 62
95417 54 66
95917 66
96083 54
96417 66
96750 57 69
97250 69
97417 57
97750 73 57 64 69
98083 74 54 66
98583 69 76 66
98750 54
99083 54 69 66
99417 50 62
99917 62
100083 50
100417 62
100750 66 54
101250 66
101417 54
101750 66
102083 57 69
102583 69
102750 57 73 64
103083 57 69 73
103417 54 74 66
103917 54 73 64
104417 69 54 73 64
104750 50
105083 71 68
105417 69 61 50
105750 50 62
105917 62 50
106083 52 64
106583 52 64
106750 52 64
107083 52 64
107750 52 64
108083 64 52
108417 52 64
108750 54 66
109083 54 66
109250 66 54
109417 66 54
109750 54 66
110417 66 54
110750 54 66
111083 52 64
111417 54 66
112083 66 54
112750 54 66
113417 66 54
114083 66
114417 54
114583 66
114917 54
115083 66
115417 54
115583 66
115750 57
115917 59
116083 61
116250 64
116417 66
116583 69
116750 71
116917 73
117250 71
117583 69
117917 66
118250 69 54 73
118583 54
118917 68 54 71
119250 54
119417 69 54
119583 71 61 57
119750 69
119917 57 71
120083 69
120250 61 57 71
120583 71 57
120750 69
120917 52 71 64
121083 69
121250 52 71
121417 69
121583 64 71 52
121917 52 73
122083 62 52 69
122250 71 59
122583 71 59
122917 59 71
123250 69 57
123417 56 68
123583 66 54
123917 54 73
124250 54 61 71
124583 54
124750 69 54
124917 64 57 71
125083 69
125250 71 57
125583 64 71 57
125917 57 71
126083 69 57
126250 52 64 71
126583 52 71
126750 69
126917 52 71 64
127250 73 52
127417 69 52 62
127583 59 71
127917 57 69
128083 71 59
128417 61 73
129000 54 73 66
129167 71 76
129333 73 54
129500 66 76 71
129667 54
130000 71 54 76
130167 78 69 73
130333 57
130667 76 57 71
130833 73 61 64
131000 57
131333 71 57
131500 57 69
131667 64 52 71
132000 52
132167 66
132333 69 64 52
132500 71
132667 62 52 73
132833 52
133000 59 69
133333 61 59
133500 66 59
133667 57 66
133833 56
134000 57 57 68
134167 56 69 59
134333 69 54 66 61
134667 66
135000 54 66 57
135333 66 57 54
135500 57 66 54
135667 57 57 69
135833 57 69
136000 69 57
136333 64 57 69 57
136667 57 69 64 57
136833 69 62 57
137000 76 71 52
137667 52 76 69
138000 76 69 52
138167 66
138333 59 74
138500 66 74
138667 66 74
139000 74 71 59
139333 59 69
139500 62 69 66
139667 50
140000 71
140167 62 66
140333 50
140667 68
140833 69 59 64
141000 52
141333 71
141500 66 59
141667 52
142000 68
142167 69 61
142333 54 66
142667 66
143000 66 54
143500 66 54
144000 54 66
144333 54 66
144667 69
144833 69 62 66
145000 50
145333 71
145500 66 62
145667 50
146000 68
146167 64 59 69
146333 52
146667 71
146833 59 66
147000 52
147333 68
147500 61 69
147667 54
148000 66
148333 54
148833 54
149000 73 61
149333 59 71
149667 57 69
150000 66 54
150333 69 62 66 50
150667 71
151000 50 66 62
151333 68 62
151667 64 52 69
152000 71
152333 66 52 59
152833 64 68
153000 69 57 73
153333 73 64 69
153500 73
153667 56 71 68
154000 73
154167 69 61 66
154333 54
154667 69
154833 69
155000 71 57 68
155167 73
155500 66 71 62
155667 59
155833 69
156000 66
156333 71 59
156833 71 59
157333 71 59
157667 59 71
158167 59 71
158333 59
158500 64
158667 66
159000 71
159333 66
159667 59
159833 64
160000 66
160333 71
160667 66
161000 59
161167 64
161333 66
161667 71
162000 66
162333 59
162500 64
162667 66
163000 71
163167 71 68
163333 73 69
163667 50 62 73 69 62
164167 69 62 66
164333 50
164667 62
165000 54 66
165500 66
165667 54
166000 66
166333 57 69
166833 69
167000 57
167333 57 66
167500 61 69
167667 54
167833 66
168000 69
168167 66 54
168333 61 69 66
168667 69 54
169000 50 69 73 62
169500 66 69
169667 50
170000 62
170333 66 54
170833 66
171000 54
171333 66
171667 69 57
172167 69
172333 57
172667 73 64 57
173000 69 66 54 74
173500 76 69 54
174000 66 54 69
174333 50 62
174833 62
175000 50
175333 62
175667 66 54
176167 66
176333 54
176667 66
177000 69 57
177500 57
177667 69 73 64
178000 73 64 57
178333 66 74 54
178833 54 73 69
179000 54
179333 73 54 69
179667 62 50
180000 71 68
180167 62
180333 61 69 50
180667 62
181000 66 54
181500 66
181667 54
182000 66
182333 57 69
182833 69
183000 57
183333 69
183667 54 66
184167 66
184333 54
184500 71 68
184667 73 54 69
185000 50 73 62
185500 50 69 66
185667 50
186000 62
186333 54 66
186833 66
187000 54
187333 66
187667 57 69
188167 69
188333 57
188667 57 66
188833 69 61
189000 54
189167 66
189333 69
189500 66 54
189667 69 61 66
190000 54 69
190333 50 69 62 73
190833 66 69
191000 50
191333 62
191667 54 66
192167 66
192333 54
192667 66
193000 69 57
193500 69
193667 57
194000 57 73 64
194333 74 54 66
194833 69 66 54 76
195000 54
195333 54 69 62
195667 62 50
196167 62
196333 50
196667 62
197000 54 66
197500 66
197667 54
198000 66
198333 69 57
198833 69
199000 73 64 57
199333 69 57 73
199667 54 74 66
200167 54 64 73
200667 54 73 64
201000 50
201333 71 68
201500 50
201667 69 64 61
202000 50
202333 54 66
202833 66
203000 54
203333 66
203667 57 69
204167 69
204333 57
204667 69
205000 54 66
205500 66
205667 54
205833 68 71
206000 54 73 69
206333 73 69 50
206833 62 66 69
207000 50
207333 62
207667 66 54
208167 66
208333 54
208667 66
209000 69 57
209500 69
209667 57
210000 57 66
210167 69 61
210333 54
210500 66
210667 69
210833 54 66
211000 61 54 69
211333 69 54
211667 62 50 69 62 73
212167 62 66 69
212333 50
212667 62
213000 66 54
213500 66
213667 54
214000 66
214333 69 57
214833 69
215000 57
215333 69 73 57 64
215667 66 74 69 54
216167 69 66 54 76
216333 54
216667 54 62 69
217000 50 62
217500 62
217667 50
218000 62
218333 66 54
218833 66
219000 54
219333 66
219667 57 69
220167 57
220333 73 64 57
220667 57 73 64
221000 54 66 74
221500 73 64 54
221667 54
222000 54 64 73
222333 50
222667 71 68
222833 50
223000 64 61 69
223333 50
223667 66 54
224167 66
224333 54
224667 66
225000 69 73 50 62 62
225500 62 69 66
225667 50
226000 62
226333 66 54
226833 66
227000 54
227333 66
227667 69 57
228167 69
228333 57
228667 57 66
228833 61 69
229000 54
229167 66
229333 69
229500 54 66
229667 69 61
230000 54 69
230333 73 66 50 62 62 69
230833 66 69 62
231000 50
231333 62
231667 66 54
232167 66
232333 54
232667 66
233000 57 69
233500 69
233667 57
234000 57 66
234167 61 69
234333 54
234500 66
234667 69
234833 54 66
235000 69 61
235333 54 69
235667 50 69 62 73 62
236167 62 69 66
236333 50
236667 62
237000 66 54
237500 66
237667 54
238000 66
238333 69 73 50
238833 69 62 66
239000 50
239333 62
239667 54 66
240167 66
240333 54
240667 66
241000 69 57
241500 69
241667 57
242000 69
242333 66 54
242833 66
243000 54
243333 66 66
243667 62 50 69
244000 71
244167 62
244333 50 76
244667 62 73
245000 66 54
245500 66
245667 54
246000 66 66
246333 57 69 69
246667 71
246833 69
247000 57 76
247333 73 69
247667 66 54
248167 66
248333 54
248667 66 66
249000 62 50 69
249333 71
249500 62
249667 50 76
250000 62 73
250333 54 66
250833 66
251000 54
251333 66 66
251667 69 69 57
252000 71
252167 69
252333 57 76
252667 73 69
253000 66 54
253500 66
253667 54
254000 66 66
254333 62 69 50
254667 71
254833 62
255000 76 50
255333 62 73
255667 54 66
256167 66
256333 54
256667 66 66
257000 57 69 69
257333 71
257500 69
257667 76 57
258000 69 54 66 66
