0 40
201 40
1761 43
1992 43
3507 40
3746 40
5336 48
5589 48
6254 50
6500 50
7134 40
7388 40
8903 43
9149 43
10712 40
10932 40
12508 48
12720 48
13409 50
13644 50
14364 40
14591 40
14818 47
15046 40
15273 48
15500 40
15727 47
15955 40
16182 45
16409 43
16636 42
16864 43
17091 45
17318 43
17546 42
18000 40
18227 40
18455 47
18682 40
18909 48
19136 40
19364 47
19591 40
19818 45
20046 43
20273 42
20500 43
20727 45
20955 43
21182 42
21636 40
21864 40
22091 47
22318 40
22546 48
22773 40
23000 47
23227 40
23455 45
23682 43
23909 42
24136 43
24364 45
24591 43
24818 42
25273 40
25500 40
25727 47
25955 40
26182 48
26409 40
26636 47
26864 40
27091 48
28000 50
28909 55
29136 55
29250 55
29364 59 55
29591 55
29705 55
29818 55
29932 55
30046 62 54
30273 55
30386 55
30500 55
30727 60 52
30955 55
31068 55
31182 55
31409 50 55 59
32091 53
32318 55
32546 55
32773 55
32886 55
33000 59 55
33227 55
33341 55
33455 55
33568 55
33682 62 54
33909 55
34023 55
34136 55
34364 60 52
34591 55
34705 55
34818 55
35046 50 55 59
35727 53
35955 55
36182 55
36409 55
36523 55
36636 59 55
36864 55
36977 55
37091 55
37205 55
37318 62 54
37546 55
37659 55
37773 55
38000 60 52
38227 55
38341 55
38455 55
38682 50 55 59
39364 53
39591 55
39818 55
40046 55
40159 55
40273 59 55
40500 55
40614 55
40727 55
40841 55
40955 62 54
41182 55
41296 55
41409 55
41636 60 52
41864 55
41977 55
42091 55
42318 50 55 59
43000 53
43227 55
43455 55
43682 55
43796 55
43909 59 55
44136 55
44250 55
44364 55
44477 55
44591 62 54
44818 55
44932 55
45046 55
45273 60 52
45500 55
45614 55
45727 55
45955 50 55 59
46636 53
46864 55
47091 55
47318 55
47432 55
47546 59 55
47773 55
47886 55
48000 55
48114 55
48227 62 54
48455 55
48568 55
48682 55
48909 60 52
49136 55
49250 55
49364 55
49591 50 55 59
50273 53
50500 55
50727 55
50955 55
51068 55
51182 59 55
51409 55
51523 55
51636 55
51750 55
51864 62 54
52091 55
52205 55
52318 55
52546 60 52
52773 55
52886 55
53000 55
53227 50 55 59
53909 53
54136 55
54364 55
54591 55
54705 55
54818 59 55
55046 55
55159 55
55273 55
55386 55
55500 62 54
55727 55
55841 55
55955 55
56182 60 52
56409 55
56523 55
56636 55
56864 50 55 59
57546 53
57773 55
58000 55
58227 55
58341 55
58455 59 55
58682 55
58796 55
58909 55
59023 55
59136 62 54
59364 55
59477 55
59591 55
59818 60 52
60046 55
60159 55
60273 55
60500 50 55 59
61182 53
61409 55
61636 55
61864 55
61977 55
62091 59 55
62318 55
62432 55
62546 55
62659 55
62773 62 54
63000 55
63114 55
63227 55
63455 60 52
63682 55
63796 55
63909 55
64136 50 55 59
64818 53
65046 55
65273 52
65500 50
65727 52
66409 54 50
66864 48 55
68909 52
69136 50
69364 52
70046 54 50
70500 48 55
70727 48
71409 48
71636 48
71864 48
72091 47
72318 46
72546 55
72773 55
73000 55
73227 55
73682 55
73909 55
74136 50
74364 50
74818 50
75273 50
75500 50
75727 50
75955 52
79591 50
79818 55
80046 55
80273 55
80500 55
80955 55
81182 55
81409 50
81636 50
82091 50
82546 50
82773 50
83000 50
83455 52 40
83682 50
83909 40 52
84591 52 40
84818 54
85046 55
85500 42 54
85727 40 52
85955 50
86409 52 40
86636 42 54
87091 40 52
87318 50
87546 40 52
88227 40 52
88455 40 52
88682 60 48
89818 62 50
90727 55
90955 55
91068 55
91182 59 55
91409 55
91523 55
91636 55
91750 55
91864 62 54
92091 55
92205 55
92318 55
92546 60 52
92773 55
92886 55
93000 55
93227 50 59 55
93909 53
94136 55
94364 55
94591 55
94705 55
94818 59 55
95046 55
95159 55
95273 55
95386 55
95500 62 54
95727 55
95841 55
95955 55
96182 60 52
96409 55
96523 55
96636 55
96864 50 59 55
97546 53
97773 55
98000 55
98227 55
98341 55
98455 59 55
98682 55
98796 55
98909 55
99023 55
99136 62 54
99364 55
99477 55
99591 55
99818 60 52
100046 55
100159 55
100273 55
100500 50 59 55
101182 53
101409 55
101636 55
101864 55
101977 55
102091 59 55
102318 55
102432 55
102546 55
102659 55
102773 62 54
103000 55
103114 55
103227 55
103455 60 52
103682 55
103796 55
103909 55
104136 50 59 55
104818 53
105046 55
105273 55
105500 55
105614 55
105727 59 55
105955 55
106068 55
106182 55
106296 55
106409 62 54
106636 55
106750 55
106864 55
107091 60 52
107318 55
107432 55
107546 55
107773 50 59 55
108455 53
108682 55
108909 55
109136 55
109250 55
109364 59 55
109591 55
109705 55
109818 55
109932 55
110046 62 54
110273 55
110386 55
110500 55
110727 60 52
110955 55
111068 55
111182 55
111409 50 55 59
112091 53
112318 55
112546 55
112773 55
112886 55
113000 59 55
113227 55
113341 55
113455 55
113568 55
113682 62 54
113909 55
114023 55
114136 55
114364 60 52
114591 55
114705 55
114818 55
115046 50 59 55
115727 53
115955 55
116182 55
116409 55
116523 55
116636 59 55
116864 55
116977 55
117091 55
117205 55
117318 62 54
117546 55
117659 55
117773 55
118000 60 52
118227 55
118341 55
118455 55
118682 50 59 55
119364 53
119591 55
119818 55
120046 55
120159 55
120273 59 55
120500 55
120614 55
120727 55
120841 55
120955 62 54
121182 55
121296 55
121409 55
121636 60 52
121864 55
121977 55
122091 55
122318 50 59 55
123000 53
123227 55
123455 55
123682 55
123796 55
123909 59 55
124136 55
124250 55
124364 55
124477 55
124591 62 54
124818 55
124932 55
125046 55
125273 60 52
125500 55
125614 55
125727 55
125955 50 59 55
126636 53
126864 55
127091 52
127318 50
127546 52
128227 54 50
128682 55 48
130727 52
130955 50
131182 52
131864 54 50
132318 48 55
132546 48
133227 48
133455 48
133682 48
133909 47
134136 45
134364 55
134591 55
134818 55
135046 55
135500 55
135727 55
135955 50
136182 50
136636 50
137091 50
137318 50
137546 50
137773 52
141409 50
141636 55
141864 55
142091 55
142318 55
142773 55
143000 55
143227 50
143455 50
143909 50
144364 50
144591 50
144818 50
145273 40 52
145500 50
145727 40 52
146409 40 52
146636 42 54
146864 55 43
147318 54 42
147546 40 52
147773 50
148227 40 52
148455 54 42
148909 52 40
149136 50
149364 40 52
150046 40 52
150273 40 52
150500 48 60
151636 62 50
167091 71
167148 67
167205 64
167318 71
167375 67
167432 64
167546 71
167602 67
167659 64
167773 71
167830 67
167886 64
168000 71
168057 67
168114 64
168227 71
168284 67
168341 64
168455 71
168511 67
168568 64
168682 71
168739 67
168796 64
168909 72
168966 67
169023 64
169136 72
169193 67
169250 64
169364 72
169421 67
169477 64
169591 72
169648 67
169705 64
169818 72
169875 67
169932 64
170046 72
170102 67
170159 64
170273 72
170330 67
170386 64
170500 72
170557 67
170614 64
170727 69
170784 66
170841 62
170955 69
171011 66
171068 62
171182 69
171239 66
171296 62
171409 69
171466 66
171523 62
171636 69
171693 66
171750 62
171864 69
171921 66
171977 62
172091 69
172148 66
172205 62
172318 69
172375 66
172432 62
172546 64
173000 67
173227 64
174364 79
174705 78
175046 76
175326 76
176182 76
176523 78
176864 79
178000 76
178114 79
178227 76
178341 74
178455 76
178568 74
178682 72
178796 71
178909 72
179023 71
179136 69
179250 67
179364 69
179477 67
179568 71
180273 74
180500 67
181182 74
181409 76
181636 79
181693 76
181750 79
181807 76
181864 79
181921 76
181977 79
182034 76
182091 79
182148 76
182205 79
182261 76
182318 79
182375 76
182432 79
182489 76
182546 79
182602 76
182659 79
182716 76
182773 79
182830 76
182886 79
182943 76
183000 79
183057 76
183171 76
183284 76
183398 76
183511 79
183625 79
183739 79
183852 79
183966 79
184080 79
184193 79
184307 79
184421 79
184534 79
184648 79
184761 79
184875 79
184989 79
185102 79
185216 79
185330 78
185443 78
185557 78
185671 78
185784 78
185898 78
186011 78
186125 78
186239 78
186352 78
186466 78
186580 78
186693 78
186807 78
186921 78
187034 78
187091 76
187546 79
187773 76
188227 72
188455 71
188682 69
188909 67
189136 64
189250 62
189364 67
189591 64
189705 62
189818 67
190046 64
190159 62
190273 67
190500 64
190614 62
190727 66
190841 67
190955 66
191068 67
191182 66
191296 67
191409 66
191523 67
191636 69
192318 62
192546 52
192659 54
192773 55
192886 57
193000 59
193114 60
193227 62
193341 64
193455 66
193568 67
193682 69
193796 71
193909 72
194136 74
196182 40
196409 40
196636 47
196864 40
197091 48
197318 40
197546 47
197773 40
198000 45
198227 43
198455 42
198682 43
198909 45
199136 43
199364 42
199818 40
200046 40
200273 47
200500 40
200727 48
200955 40
201182 47
201409 40
201636 45
201864 43
202091 42
202318 43
202546 45
202773 43
203000 42
203455 40
203682 40
203909 47
204136 40
204364 48
204591 40
204818 47
205046 40
205273 45
205500 43
205727 42
205955 43
206182 45
206409 43
206636 42
207091 40
207318 40
207546 47
207773 40
208000 48
208227 40
208455 47
208682 40
208909 48
209818 50
210727 55
210955 55
211068 55
211182 59 55
211409 55
211523 55
211636 55
211750 55
211864 62 54
212091 55
212205 55
212318 55
212546 60 52
212773 55
212886 55
213000 55
213227 50 59 55
213909 53
214136 55
214364 55
214591 55
214705 55
214818 59 55
215046 55
215159 55
215273 55
215386 55
215500 62 54
215727 55
215841 55
215955 55
216182 60 52
216409 55
216523 55
216636 55
216864 50 59 55
217546 53
217773 55
218000 55
218227 55
218341 55
218455 59 55
218682 55
218796 55
218909 55
219023 55
219136 62 54
219364 55
219477 55
219591 55
219818 60 52
220046 55
220159 55
220273 55
220500 50 55 59
221182 53
221409 55
221636 55
221864 55
221977 55
222091 59 55
222318 55
222432 55
222546 55
222659 55
222773 62 54
223000 55
223114 55
223227 55
223455 60 52
223682 55
223796 55
223909 55
224136 50 59 55
224818 53
225046 55
225273 55
225500 55
225614 55
225727 59 55
225955 55
226068 55
226182 55
226296 55
226409 62 54
226636 55
226750 55
226864 55
227091 60 52
227318 55
227432 55
227546 55
227773 50 55 59
228455 53
228682 55
228909 55
229136 55
229250 55
229364 59 55
229591 55
229705 55
229818 55
229932 55
230046 62 54
230273 55
230386 55
230500 55
230727 60 52
230955 55
231068 55
231182 55
231409 50 59 55
232091 53
232318 55
232546 55
232773 55
232886 55
233000 59 55
233227 55
233341 55
233455 55
233568 55
233682 62 54
233909 55
234023 55
234136 55
234364 60 52
234591 55
234705 55
234818 55
235046 50 59 55
235727 53
235955 55
236182 55
236409 55
236523 55
236636 59 55
236864 55
236977 55
237091 55
237205 55
237318 62 54
237546 55
237659 55
237773 55
238000 60 52
238227 55
238341 55
238455 55
238682 50 59 55
239364 53
239591 55
239818 55
240046 55
240159 55
240273 59 55
240500 55
240614 55
240727 55
240841 55
240955 62 54
241182 55
241296 55
241409 55
241636 60 52
241864 55
241977 55
242091 55
242318 50 59 55
243000 53
243227 55
243455 55
243682 55
243796 55
243909 59 55
244136 55
244250 55
244364 55
244477 55
244591 62 54
244818 55
244932 55
245046 55
245273 60 52
245500 55
245614 55
245727 55
245955 50 55 59
246636 53
246864 55
247091 52
247318 50
247546 52
248227 54 50
248682 48 55
250727 52
250955 50
251182 52
251864 54 50
252318 48 55
252546 48
253227 48
253455 48
253682 48
253909 47
254136 45 50
254364 55
254591 55
254818 55
255046 55
255500 55
255727 55
255955 50
256182 50
256636 50
257091 50
257318 50
257546 50
257773 52
261409 50
261636 55
261864 55
262091 55
262318 55
262773 55
263000 55
263227 50
263455 50
263909 50
264364 50
264591 50
264818 50
265273 40 52
265500 50
265727 40 52
266409 40 52
266636 54
266864 55
267318 42 54
267546 52 40
267773 50
268227 52 40
268455 54 42
268909 40 52
269136 50
269364 52 40
270046 40 52
270273 52 40
270500 60 48
271636 62 50
272546 40
272773 40
274364 43
274591 43
276182 40
276409 40
278000 48
278227 48
278909 50
279136 50
279818 40
280046 40
281636 43
281864 43
283455 40
283682 40
285273 48
285500 48
286182 50
286409 50
287091 40
287318 40
288909 43
289136 43
290727 40
290955 40
292546 48
292773 48
293455 50
293682 50
294364 40
294591 40
296182 43
296409 43
298000 40
298227 40
299818 48
300046 48
300727 50
300955 50
