0 52
375 59
750 64
1125 68
1500 47
1875 63
2250 66
2625 71
3000 49
3375 56
3750 61
4125 64
4500 44
4875 59
5250 63
5625 68
6000 45
6375 52
6750 57
7125 61
7500 40
7875 56
8250 59
8625 64
9000 45
9375 57
9750 61
10125 64
10500 47
10875 54
11250 59
11625 63
12000 40
12375 59
12750 64
13125 68
13500 47
13875 54
14250 59
14625 63
15000 49
15375 56
15750 61
16125 56
16500 44
16875 51
17250 56
17625 59
18000 45
18375 52
18750 57
19125 52
19500 40
19875 47
20250 52
20625 47
21000 45
21375 52
21750 57
22125 52
22500 47
22875 54
23250 59
23625 54
24000 40
24375 52
24750 59
25125 64
25500 47
25875 54
26250 59
26625 63
27000 49
27375 56
27750 61
28125 56
28500 44 59
28875 51
29250 56
29625 51
30000 45
30375 52
30750 57
31125 52
31500 40
31875 52
32250 56
32625 59
33000 45
33375 52
33750 57
34125 61
34500 47
34875 54
35250 59
35625 63
36000 64
36375 63
36750 64
37125 52
37875 59
38250 54
38625 56
39000 52
39375 64
39750 63
40125 61
40500 63
40875 68
41250 71
41625 73
42000 69
42375 68
42750 66
43125 69
43500 68
43875 66
44250 64
44625 63
45000 61
45375 59
45750 57
46125 56
46500 54
46875 57
47250 56
47625 54
48000 40
48375 52
48750 59
49125 64
49500 47
49875 54
50250 59
50625 63
51000 49
51375 56
51750 61
52125 56
52500 44
52875 56
53250 59
53625 63
54000 45
54375 52
54750 57
55125 61
55500 40
55875 56
56250 59
56625 64
57000 45
57375 52
57750 57
58125 61
58500 47
58875 59
59250 66
59625 71
60000 40
60375 52
60750 64
61125 52
61500 47
61875 54
62250 59
62625 54
63000 49
63375 56
63750 61
64125 56
64500 44
64875 56
65250 59
65625 63
66000 45
66375 52
66750 57
67125 52
67500 40
67875 56
68250 59
68625 56
69000 45
69375 57
69750 69
70125 57
70500 47
70875 63
71250 71
71625 63
72000 71
72375 68
72562 69
72750 71
73125 68
73312 69
73500 71
73687 59
73875 61
74062 63
74250 64
74437 66
74625 68
74812 69
75000 68
75375 64
75562 66
75750 68
76125 56
76312 57
76500 59
76687 61
76875 59
77062 57
77250 59
77437 56
77625 57
77812 59
78000 57
78375 61
78562 59
78750 57
79125 56
79312 54
79500 56
79687 54
79875 52
80062 54
80250 56
80437 57
80625 59
80812 61
81000 57
81375 61
81562 59
81750 61
82125 63
82312 64
82500 59
82687 61
82875 63
83062 64
83250 66
83437 68
83625 69
83812 71
84000 68
84375 64
84562 66
84750 68
85125 66
85312 64
85500 66
85687 63
85875 64
86062 66
86250 68
86437 66
86625 64
86812 63
87000 64
87375 61
87562 63
87750 64
88125 52
88312 54
88500 56
88687 57
88875 56
89062 54
89250 56
89437 64
89625 63
89812 64
90000 61
90375 64
90562 63
90750 61
91125 59
91312 57
91500 59
91687 57
91875 56
92062 57
92250 59
92437 61
92625 63
92812 64
93000 61
93375 64
93562 63
93750 64
94125 63
94312 61
94500 63
94687 64
94875 66
95062 64
95250 63
95437 64
95625 61
95812 63
96000 64
96375 59
96750 64
97125 68
97500 47
97875 63
98250 66
98625 71
99000 49
99375 56
99750 61
100125 64
100500 44
100875 59
101250 63
101625 68
102000 45
102375 52
102750 57
103125 61
103500 40
103875 56
104250 59
104625 64
105000 45
105375 57
105750 61
106125 64
106500 47
106875 54
107250 59
107625 63
108000 56
108375 59 64
108750 59 66
109125 59 64
109500 59
109875 59 66
110250 59 68
110625 59 66
111000 56
111375 56 61
111750 56 59
112125 56 61
112500 56
112875 56
113250 56 59
113625 54 59
114000 52 57
114375 57 64
114750 57 66
115125 57 69
115500 64 68
115875 56 64
116250 59 64
116625 64 68
117000 64
117375 61 69
117750 61 68
118125 61 69
118500 59 66
118875 59
119250 57 66
119625 59 63
120000 56 59
120375 59 68
120750 59 68
121125 59 68
121500 59 66
121875 59 66
122250 59 66
122625 59 66
123000 56 64
123375 56 64
123750 56 64
124125 56 64
124500 56 71
124875 56 71
125250 59 71
125625 59 71
126000 57 73
126375 57 73
126750 57 73
127125 64 73
127500 64 71
127875 64 71
128250 64 71
128625 64 71
129000 64 73
129375 64 73
129750 61 73
130125 61 73
130500 75
130875 59 63
131250 59 63
131625 59 63
132000 56
132375 64
132562 63
132750 64
133125 56
133500 59
133875 59
134062 61
134250 63
134625 59
135000 56
135375 64
135562 66
135750 68
136125 64
136500 68
136875 68
137062 66
137250 64
137625 63
138000 61
138375 61
138562 59
138750 61
139125 63
139500 64
139875 68
140062 66
140250 64
140625 68
141000 69
141375 64
141562 63
141750 61
142125 61
142500 59
142875 54
143250 59
143625 63
144000 52
144375 59
144750 64
145125 68
145500 68
145875 69
146250 68
146625 66
147000 49 64
147375 56
147750 61
148125 64
148500 64
148875 66
149250 64
149625 63
150000 47 61
150375 52
150750 57
151125 52
151500 42 64
151875 56
152250 59
152625 56
153000 64
153375 62
153750 61
154125 62
154500 59
154875 54
155250 59
155625 63
156000 42
156375 52
156750 64
157125 68 71
157500 71 68
157875 73 69
158250 71 68
158625 69 66
159000 49 68 64
159375 56
159750 61
160125 68 64
160500 68 64
160875 69 66
161250 68 64
161625 66 63
162000 45 64
162375 52
162750 57
163125 52
163500 40 64
163875 56
164250 59
164625 56
165000 64 45
165375 62
165750 61
166125 62
166500 59 47
166875 54
167250 59
167625 63
168000 40
168375 52
168750 64
169125 71
169500 71
169875 73
170250 71
170625 69
171000 49 68
171375 61
171750 68 76
172125 61
172500 56
172875 63
173250 68 75
173625 71
174000 45 73
174375 52
174750 57
175125 61
175500 40 64
175875 52
176250 64 71
176625 68
177000 45 73
177375 52
177750 57
178125 61
178500 47 71
178875 54
179250 59
179625 63
180000 40 71
180375 56
180750 59
181125 64
181500 47 59
181875 54
182250 57 66
182625 54
183000 49 64
183375 56
183750 61
184125 64
184500 44 68
184875 56
185250 59
185625 66 56
186000 45 64
186375 52
186750 61 73
187125 52
187500 40 71
187875 56
188250 59 68
188625 56
189000 45 66
189375 52
189750 57
190125 61
190500 47 66
190875 54
191250 59
191625 63
192000 52
192281 59
