0 45 50 57
161 57 50 45
1290 43 48 55
1451 55 48 43
2580 41 46 53
2741 53 46 41
3870 40 45 52
4032 52 45 40
4516 43 48 55
4677 55 48 43
5161 50
5327 53
5494 52
5661 53
5827 57
5994 53
6161 52
6327 53
6494 48
6661 53
6827 52
6994 53
7161 57
7327 53
7494 52
7661 53
7827 46
7994 53
8161 52
8327 53
8494 57
8661 53
8827 52
8994 53
9161 45
9327 53
9494 52
9661 53
9827 57
9994 53
10161 52
10327 53
10494 50
10661 53
10827 52
10994 53
11161 57
11327 53
11494 52
11661 53
11827 48
11994 53
12161 52
12327 53
12494 57
12661 53
12827 52
12994 53
13161 46
13327 53
13494 52
13661 53
13827 57
13994 53
14161 52
14327 53
14494 45
14661 53
14827 52
14994 53
15161 57
15327 53
15494 52
15661 53
15827 50
15977 53
16127 52
16277 53
16427 57
16577 53
16727 52
16877 53
17027 48
17177 53
17327 52
17477 53
17627 57
17777 53
17927 52
18077 53
18227 46
18377 53
18527 52
18677 53
18827 57
18977 53
19127 52
19277 53
19427 45
19577 53
19727 52
19877 53
20027 57
20177 53
20327 52
20477 53
20627 50
20777 53
20927 52
21077 53
21227 57
21377 53
21527 52
21677 53
21827 48
21977 53
22127 52
22277 53
22427 57
22577 53
22727 52
22877 53
23027 46
23177 53
23327 52
23477 53
23627 57
23777 53
23927 52
24077 53
24227 45
24377 53
24527 52
24677 53
24827 57
24977 53
25127 52
25277 53
25427 50
25577 53
25727 52
25877 53
26027 57
26177 53
26327 52
26477 53
26627 48
26777 53
26927 52
27077 53
27227 57
27377 53
27527 52
27677 53
27827 46
27977 53
28127 52
28277 53
28427 57
28577 53
28727 52
28877 53
29027 45
29177 53
29327 52
29477 53
29627 57
29777 53
29927 52
30077 53
30227 50
30377 53
30527 52
30677 53
30827 57
30977 53
31127 52
31277 53
31427 48
31577 53
31727 52
31877 53
32027 57
32177 53
32327 52
32477 53
32627 46
32777 53
32927 52
33077 53
33227 57
33377 53
33527 52
33677 53
33827 52 45
33977 52
34127 52 45
34277 52
34427 55
34577 55
34727 55
34877 55
35027 57 45
35177 57
35327 57 45
35477 57
35627 57 45
35777 57
35927 57 45
36077 55 43
36227 53 41
36377 53
36527 53 41
36677 53
36827 53 41
36977 53
37127 53 41
37277 53
37427 52
37577 52
37727 52
37877 52
38027 53
38177 53
38327 53
38477 53
38627 55
38777 55
38927 55
39077 55
39227 53
39377 53
39527 53
39677 53
39827 57 45
39977 57
40127 57 45
40277 57
40427 57 45
40577 57
40727 57 45
40877 55 43
41027 53 41
41177 53
41327 53 41
41477 53
41627 53 41
41777 53
41927 53 41
42077 53
42227 52
42377 52
42527 52
42677 52
42827 53
42977 53
43127 53
43277 53
43427 55
43577 55
43727 55
43877 55
44027 55
44177 55
44327 55
44477 55
44627 50
44777 53
44927 52
45077 53
45227 57
45377 53
45527 52
45677 53
45827 48
45977 53
46127 52
46277 53
46427 57
46577 53
46727 52
46877 53
47027 46
47177 53
47327 52
47477 53
47627 57
47777 53
47927 52
48077 53
48227 45
48377 53
48527 52
48677 53
48827 57
48977 53
49127 52
49277 53
49427 50
49577 53
49727 52
49877 53
50027 57
50177 53
50327 52
50477 53
50627 48
50777 53
50927 52
51077 53
51227 57
51377 53
51527 52
51677 53
51827 46
51977 53
52127 52
52277 53
52427 57
52577 53
52727 52
52877 53
53027 45
53177 53
53327 52
53477 53
53627 57
53777 53
53927 52
54077 53
54227 50
54377 53
54527 52
54677 53
54827 57
54977 53
55127 52
55277 53
55427 48
55577 53
55727 52
55877 53
56027 57
56177 53
56327 52
56477 53
56627 46
56777 53
56927 52
57077 53
57227 57
57377 53
57527 52
57677 53
57827 45
57977 53
58127 52
58277 53
58427 57
58577 53
58727 52
58877 53
59027 50
59177 53
59327 52
59477 53
59627 57
59777 53
59927 52
60077 53
60227 48
60377 53
60527 52
60677 53
60827 57
60977 53
61127 52
61277 53
61427 46
61577 53
61727 52
61877 53
62027 57
62177 53
62327 52
62477 53
62627 45
62777 53
62927 52
63077 53
63227 57
63377 53
63527 52
63677 53
63827 50
63977 53
64127 52
64277 53
64427 57
64577 53
64727 52
64877 53
65027 48
65177 53
65327 52
65477 53
65627 57
65777 53
65927 52
66077 53
66227 46
66377 53
66527 52
66677 53
66827 57
66977 53
67127 52
67277 53
67427 52 45
67577 52
67727 52 45
67877 52
68027 55
68177 55
68327 55
68477 55
68627 57 45
68777 57
68927 57 45
69077 57
69227 57 45
69377 57
69527 57 45
69677 55 43
69827 53 41
69977 53
70127 53 41
70277 53
70427 53 41
70577 53
70727 53 41
70877 53
71027 52
71177 52
71327 52
71477 52
71627 53
71777 53
71927 53
72077 53
72227 55
72377 55
72527 55
72677 55
72827 53
72977 53
73127 53
73277 53
73427 57 45
73577 57
73727 57 45
73877 57
74027 57 45
74177 57
74327 57 45
74477 55 43
74627 53 41
74777 53
74927 53 41
75077 53
75227 53 41
75377 53
75527 53 41
75677 53
75827 52
75977 52
76127 52
76277 52
76427 53
76577 53
76727 53
76877 53
77027 55
77177 55
77327 55
77477 55
77627 53
77777 53
77927 53
78077 53
78227 57 45
78377 57
78527 57 45
78677 57
78827 57 45
78977 57
79127 57 45
79277 55 43
79427 53 41
79577 53
79727 53 41
79877 53
80027 53 41
80177 53
80327 53 41
80477 53
80627 52 40
80777 52
80927 52 40
81077 52
81227 52 40
81377 52
81527 52 40
81677 52
81827 55 43
81977 55
82127 55 43
82277 55
82427 55 43
82577 55
82727 55 43
82877 55
83027 57 45
83177 57
83327 57 45
83477 57
83627 57 45
83777 57
83927 57 45
84077 55 43
84227 53 41
84377 53
84527 53 41
84677 53
84827 53 41
84977 53
85127 53 41
85277 53
85427 52 40
85577 52
85727 52 40
85877 52
86027 52 40
86177 52
86327 52 40
86477 52
86627 55 43
86777 55
86927 55 43
87077 55
87227 55 43
87377 55
87527 55 43
87677 55
87827 57 45
87977 57
88127 57 45
88277 57
88427 57 45
88577 57
88727 57 45
88877 55 43
89027 53 41
89177 53
89327 53 41
89477 53
89627 53 41
89777 53
89927 53 41
90077 53
90227 52 40
90377 52
90527 52 40
90677 52
90827 52 40
90977 52
91127 52 40
91277 52
91427 55 43
91577 55
91727 55 43
91877 55
92027 55 43
92177 55
92327 55 43
92477 55
92627 57 45
92777 57
92927 57 45
93077 57
93227 57 45
93377 57
93527 57 45
93677 55 43
93827 53 41
93977 53
94127 53 41
94277 53
94427 53 41
94577 53
94727 53 41
94877 53
95027 52 40
95177 52
95327 52 40
95477 52
95627 52 40
95777 52
95927 52 40
96077 52
96227 55 43
96377 55
96527 55 43
96677 55
96827 55 43
96977 55
97127 55 43
97277 55
97427 57 45 50
97577 57 50 45
98627 43 48 55
98777 55 48 43
99827 41 46 53
99977 53 46 41
101027 40 45 52
101177 52 45 40
101627 43 48 55
101777 55 48 43
102227 45 50 57
102377 57 50 45
103427 43 48 55
103577 55 48 43
104627 41 46 53
104777 53 46 41
105827 40 45 52
105977 52 45 40
106427 43 48 55
106577 55 48 43
107027 50
107177 53
107327 52
107477 53
107627 57
107777 53
107927 52
108077 53
108227 48
108377 53
108527 52
108677 53
108827 57
108977 53
109127 52
109277 53
109427 46
109577 53
109727 52
109877 53
110027 57
110177 53
110327 52
110477 53
110627 45
110777 53
110927 52
111077 53
111227 57
111377 53
111527 52
111677 53
111827 50
111977 53
112127 52
112277 53
112427 57
112577 53
112727 52
112877 53
113027 48
113177 53
113327 52
113477 53
113627 57
113777 53
113927 52
114077 53
114227 46
114377 53
114527 52
114677 53
114827 57
114977 53
115127 52
115277 53
115427 45
115577 53
115727 52
115877 53
116027 57
116177 53
116327 52
116477 53
116627 50
116777 53
116927 52
117077 53
117227 57
117377 53
117527 52
117677 53
117827 48
117977 53
118127 52
118277 53
118427 57
118577 53
118727 52
118877 53
119027 46
119177 53
119327 52
119477 53
119627 57
119777 53
119927 52
120077 53
120227 52 45
120377 52
120527 52 45
120677 52
120827 55
120977 55
121127 55
121277 55
121427 57 45
121577 57
121727 57 45
121877 57
122027 57 45
122177 57
122327 57 45
122477 55 43
122627 53 41
122777 53
122927 53 41
123077 53
123227 53 41
123377 53
123527 53 41
123677 53
123827 52
123977 52
124127 52
124277 52
124427 53
124577 53
124727 53
124877 53
125027 55
125177 55
125327 55
125477 55
125627 53
125777 53
125927 53
126077 53
126227 57 45
126377 57
126527 57 45
126677 57
126827 57 45
126977 57
127127 57 45
127277 55 43
127427 53 41
127577 53
127727 53 41
127877 53
128027 53 41
128177 53
128327 53 41
128477 53
128627 52 40
128777 52
128927 52 40
129077 52
129227 52 40
129377 52
129527 52 40
129677 52
129827 55 43
129977 55
130127 55 43
130277 55
130427 55 43
130577 55
130727 55 43
130877 55
131027 57 45
131177 57
131327 57 45
131477 57
131627 57 45
131777 57
131927 57 45
132077 55 43
132227 53 41
132377 53
132527 53 41
132677 53
132827 53 41
132977 53
133127 53 41
133277 53
133427 52
133577 52
133727 52
133877 52
134027 53
134177 53
134327 53
134477 53
134627 55
134777 55
134927 55
135077 55
135227 53
135377 53
135527 53
135677 53
135827 57 45
135977 57
136127 57 45
136277 57
136427 57 45
136577 57
136727 57 45
136877 57
137027 53 41
137177 53
137327 53 41
137477 53
137627 53 41
137777 53
137927 53 41
138077 53
138227 52 40
138377 52
138527 52 40
138677 52
138827 52 40
138977 52
139127 52 40
139277 52
139427 55 43
139577 55
139727 55 43
139877 55
140027 55 43
140177 55
140327 55 43
140477 55
140627 57 45
140777 57
140927 57 45
141077 57
141227 57 45
141377 57
141527 57 45
141677 57
141827 53 41
141977 53
142127 53 41
142277 53
142427 53 41
142577 53
142727 53 41
142877 53
143027 52 40
143177 52
143327 52 40
143477 52
143627 52 40
143777 52
143927 52 40
144077 52
144227 55 43
144377 55
144527 55 43
144677 55
144827 55 43
144977 55
145127 55 43
145277 55
145427 57 45
145577 57
145727 57 45
145877 57
146027 57 45
146177 57
146327 57 45
146477 55 43
146627 53 41
146777 53
146927 53 41
147077 53
147227 53 41
147377 53
147527 53 41
147677 53
147827 52
147977 52
148127 52
148277 52
148427 53
148577 53
148727 53
148877 53
149027 55
149177 55
149327 55
149477 55
149627 53
149777 53
149927 53
150077 53
150227 55 43
150377 55
150527 55 43
150677 55
150827 55 43
150977 55
151127 55 43
151277 55
151427 55 43
151577 55
151727 55 43
151877 55
152027 57 45 50
