0 71
300 71
450 71
750 71
900 71
1200 71
1350 71
1500 71
1650 71
1800 71
2100 71
2250 71
2550 71
2700 71
3000 71
3150 71
3300 71
3450 71
3600 71
3900 71
4050 71
4350 71
4500 71
4800 71
4950 71
5100 66
5250 69
5400 71 62 47
5700 62 71 47
5850 47
6000 62 71
6150 73 66 45
6300 74 67 43
6600 67 74 43
6750 43
6900 67 74
7050 76 43
7200 73 66 42
7500 66 73 42
7650 42
7800 66 71
7950 69 64 42
8100 69 66 47
8250 66 71
8400 47
8550 47
8700 66
8850 69 47
9000 71 62 43
9300 62 71 43
9450 43
9600 71
9750 73 43
9900 74 66
10200 66 74
10500 69 74
10650 76 69
10800 73 69 45
11100 69 73 45
11250 42
11400 66 71
11550 69 42
11700 71 62 47
12000 47
12150 47
12300 66
12450 69 47
12600 71 62 47
12900 62 71 47
13050 47
13200 66 71
13350 74 66 47
13500 76 67 43
13800 67 76 43
13950 43
14100 71 76
14250 78 71 43
14400 79 71 40
14700 71 79 40
14850 40
15000 74 78
15150 76 73 40
15300 78 74 47
15450 71
15600 47
15750 47
15900 71
16050 73 47
16200 74 67 43
16500 67 74 43
16650 43
16800 67 76
16950 43
17100 78 74 47
17250 71
17400 47
17550 47
17700 71
17850 74 47
18000 73 66 42
18300 66 73 42
18450 42
18600 71 74
18750 71 68 42
18900 73 66 42
19200 42
19350 42
19500 78
19650 42
19800 74 47
20100 74 47
20250 47
20400 74
20550 78 45
20700 79 43
21000 79 43
21150 43
21300 79
21450 43
21600 78 42
21900 78 42
22050 42
22200 78
22350 76 42
22500 78 47
22650 78
22800 47
22950 47
23100 78
23250 47
23400 74 43
23700 74 43
23850 43
24000 79
24150 79 43
24300 78
24600 78
25200 45
25500 45
25650 42
25800 78
25950 42
26100 74 47
26400 47
26550 47
26700 78
26850 47
27000 74 47
27300 74 47
27450 47
27600 78
27750 78 47
27900 79 43
28200 79 43
28350 43
28650 43
28800 40
29100 40
29250 40
29550 40
29700 47
30000 47
30150 47
30450 47
30600 79 43
30900 79 43
31050 43
31200 79
31350 43
31500 47
31800 47
31950 47
32250 47
32400 78 42
32700 78 42
32850 42
33150 42
33300 78 47
33600 78 47
33900 78 45
34200 45
34500 45
34800 79 43
35100 42
35400 42
35550 42
35700 78
35850 78 42
36000 78 42
36300 42
36450 42
36750 42
36900 40
37200 40
37350 40
37500 79
37650 79 40
37800 79 40
38100 40
38250 40
38550 40
38700 73 70 42
38850 70 73
39000 42
39150 64 71 42
39450 42
39600 66 74 42
39900 42
40050 42
40200 74
40350 76 42
40500 78 71 47
40800 71 78 47
40950 47
41100 71 78
41250 47
41400 79 71 47
41550 71 78
41700 47
41850 47
42000 47
42150 47
42300 76 69 45
42600 69 76 45
42750 45
42900 69 76
43050 45
43200 76 69 50
43350 69 78
43500 50
43650 50
43800 50
43950 50
44100 78 71 47
44400 71 78 47
44550 47
44700 71 78
44850 47
45000 79 71 47
45150 71 78
45300 47
45450 47
45600 47
45750 47
45900 76 70 42
46200 70 74 42
46350 42
46500 66 73
46650 42
46800 71 62 47
47100 47
47250 47
47400 71
47550 73 47
47700 66 74 47
48000 47
48150 47
48300 76
48450 78 47
48600 76 45
48900 74 45
49050 45
49200 73 45
49350 45
49500 74 66 50
49800 66 76 50
49950 50
50100 66 78 50
50250 50
50400 76 73 45
50700 45
50850 45
51000 74 45
51150 76 45
51300 78 69 50
51600 50
51750 50
51900 76 50
52050 74 50
52200 73 70 42
52500 70 74 42
52650 42
52800 70 73 42
52950 42
53100 71 62 47
53400 47
53550 47
53700 73
53850 69 47
54000 71 62 47
54300 47
54450 47
54600 47
54750 47
54900 78 47
55200 47
55350 47
55500 47
55650 47
55800 45
56100 45
56250 45
56400 45
56550 45
56700 50
57000 50
57150 50
57300 50
57450 50
57600 74 43
57900 43
58050 43
58200 43
58350 43
58500 78 47
58800 78 47
58950 47
59100 47
59250 47
59400 79 40
59700 79 40
59850 40
60000 79 40
60150 40
60300 78 42
60600 42
60750 42
60900 42
61050 42
61200 78 42
61500 42
61650 42
61800 42
61950 42
62100 47
62400 47
62550 47
62700 47
62850 47
63000 40
63300 40
63450 40
63600 40
63750 40
63900 50
64200 50
64350 50
64650 50
64800 45
65100 45
65250 45
65400 45
65550 45
65700 79 40
66000 40
66150 40
66300 40
66450 40
66600 78 42
66900 42
67050 42
67200 42
67350 42
67500 78 42
67800 78 42
67950 42
68100 78 42
68250 42
68400 74 47
68700 47
68850 47
69000 47
69150 47
69300 47
69600 47
69750 47
69900 47
70050 47
70200 43
70500 43
70650 43
70800 43
70950 43
71100 50
71400 50
71550 50
71700 50
71850 50
72000 45
72300 45
72450 45
72600 45
72750 45
72900 79 40
73200 40
73350 40
73500 40
73650 40
73800 78 42
74100 42
74250 42
74400 42
74550 42
74700 78 42
75000 78 42
75150 42
75300 78 42
75450 42
75600 74 47
76050 47
76200 47
76350 47
76500 71
