0 50
309 57
618 62
927 57
1237 50
1546 57
1855 62
2164 57
2474 54
2783 57
3092 61
3402 57
3711 54
4020 57
4329 61
4639 57
4948 50
5257 57
5567 62
5876 57
6185 50
6494 57
6804 62
7113 57
7422 54
7731 57
8041 61
8350 57
8659 54
8969 57
9278 61
9587 57
9896 50
10206 69 57
10515 69 62
10824 69 57
10979 69
11134 50
11288 67
11443 57
11752 62
11907 66
12061 67 57
12371 69 54
12680 69 57
12989 69 61
13298 71 57
13608 69 54
13762 67
13917 57
14226 66 61
14536 67 57
14845 69 50
15154 69 57
15463 69 62
15773 69 57
15927 69
16082 50
16391 57
16701 67 62
16855 66
17010 67 57
17319 69 54
17628 69 57
17938 69 61
18247 71 57
18556 69 54
18711 67
18865 57
19175 61
19329 66
19484 64 57
19793 47 66
20103 54
20412 59
20721 54
21030 47
21340 54
21649 59
22268 43
22577 67 50
22886 67 55
23041 67
23195 50
23350 66
23505 45
23659 64
23814 52
24123 57
24432 62 52
24587 64
24742 47 66
25051 54
25360 59
25979 47
26288 66 54
26597 66 59
26752 64
26907 62 54
27061 64
27216 45
27525 52
27835 57
28762 47
29051 48
29339 49
29628 50
29916 69 57
30205 69 62
30493 57
30709 69
30782 50
30854 69
31070 57
31142 67
31359 62
31575 66
31647 67 57
31935 69 54
32224 57
32368 69
32512 61
32657 69
32801 57
32945 71
33089 54
33234 69
33378 67 57
33666 61
33810 66
33955 67 57
34243 69 50
34532 69 57
34820 69 62
35109 69 57
35253 69
35397 50
35541 67
35685 57
35974 62
36118 66
36262 67 57
36551 69 54
36839 69 57
37128 69 61
37416 71 57
37705 69 54
37849 67
37993 57
38282 61
38570 66 57
38714 64
38859 47 66
39147 54
39435 59
39724 54
40012 59
40301 54
40589 45
41166 43
41455 67 50
41743 67 55
41887 67
42176 66
42320 45
42609 64 52
42753 62
42897 57
43185 64
43330 66
43474 47
43762 54
44051 59
44628 47
44916 66 54
45205 66 59
45349 64
45493 62
45637 64
45782 45
46070 52
46359 57
46935 45
47224 52
47512 57
47801 45
48089 50 57 62
48378 57
48666 57 62
48955 57 62
49243 66 50
49532 64 57
49820 62 62
50109 61
50253 62
50397 47
50541 61
50685 54 59
50974 59
51262 54
51551 47
51839 54
52128 49
52416 52 57 61
52705 50 69
52993 57
53282 62
53570 69
53859 69 50
54147 67
54435 66 57 62
54724 64
54868 66
55012 47
55301 54
55589 59
55878 54
56166 47
56455 54
56743 49
57032 61 52
57320 50 57 62
57609 57
57897 57 62
58185 57 62
58474 66 50
58762 57
58907 64
59051 62 62 57
59339 61
59484 62
59628 47
59772 61
59916 54 59
60205 59
60493 54
60782 47
61070 54
61359 45
61647 52
61935 50 69
62235 57
62535 62
62835 69 57
63135 69 50
63435 67 57
63735 66 62
64035 64
64185 66
64335 47
64635 54
64935 59
65535 69
65845 67
66154 66
66463 64
66618 66
66773 50
67082 57
67391 62
68010 50
68319 57
68628 62
69247 50
69401 52
69556 54 69
69711 54
69865 57 69
70020 59
70175 69 61
70329 62 69
70484 50
70639 52 67
70793 54
70948 54
71102 57
71257 66 59
71412 61 67
71566 62
71721 54 69
71876 55
72030 57
72185 69 57
72340 57 69
72494 59
72649 61
72803 71 59
72958 69 54
73113 55 67
73267 57
73422 57
73577 57 66
73731 59
73886 61 67
74041 59
74195 50 69
74350 52
74504 54 69
74659 54
74814 57 69
74968 59
75123 69 61
75278 62 69
75432 50
75587 52 67
75742 54
75896 54
76051 57
76206 66 59
76360 61 67
76515 62
76669 69 54
76824 54
76979 55
77133 69 57
77288 57 69
77443 59
77597 61 71
77752 59
77907 69 54
78061 54 67
78216 55
78370 57
78525 57 66
78680 59
78834 61 64
78989 59
79144 47 66
79453 54
79762 59
80381 50
80535 52
80690 54
80999 49
81154 50
81309 52
81463 42
81618 43
81927 67 50
82236 67 55
82391 67
82546 50
82700 66
82855 45
83010 64
83164 52
83319 62
83474 55
83628 64
83783 52
83937 66
84092 47
84401 54
84711 59
85329 54
85484 55
85638 57 66
85793 57
85948 66 57
86102 64 59
86257 62 61
86412 59 64
86566 43
86721 45
86876 47
87030 50
87185 57
87340 59
87494 61
87649 62
87803 49
87953 52
88103 55
88253 57
88403 55
88553 59
88703 61
88853 62
89153 40
89303 42 69
89453 42
89603 45 69
89753 47
89903 69 49
90053 50 69
90353 40 67
90503 42
90653 42
90803 45 66
90953 47
91103 49 67
91253 50
91403 42 69
91553 43
91703 45 69
91853 45
92003 45 69
92153 47
92303 49 71
92453 47
92603 69 42
92753 43 67
92903 45
93053 45
93203 45 66
93353 47
93503 49 67
93653 47
93803 69
93953 40
94103 42 69
94253 42
94403 45 69
94553 47
94703 69 49
94853 50 69
95153 40 67
95303 42
95453 42
95603 45
95753 66 47
95903 49 67
96053 50
96203 42 69
96353 43
96503 45 69
96653 45
96803 45 69
96953 47
97103 49 71
97253 47
97403 69 42
97553 43 67
97703 45
97853 45
98003 45 66
98153 47
98303 49 64
98453 47
98603 66
98753 40
98903 42
99053 42
99203 45
99353 47
99503 49
99653 50
99953 40
100103 42
100253 42
100853 40
101003 43
101303 67 50
101603 67 55
101903 67
102053 66
102203 45
102503 64 52
102653 62
102803 57
103103 64
103253 66
103403 47
103703 54
104003 59
104603 47
104903 66 54
105203 66 59
105353 64
105503 62
105653 64
105803 45
106103 52
106403 57
106703 52
107003 45
107303 52
107603 45
107903 57
108203 57 62
108348 40
108492 42
108636 45
108780 45
109069 57 62 50
109357 50 66
109502 47
109646 64
109790 45 50
109934 43 62
110078 45
110223 61 43
110367 45 62
110511 47
110655 61 54
110800 59 59
110944 50
111088 47
111232 54
111377 57
111521 54 59
111665 45
111809 47
111953 45
112098 54 59
112242 45
112386 49
112530 45
112675 52 57 61
112819 57
112963 40
113107 42
113252 45
113396 45
113684 57 45 50
113973 57
114261 55 45 50
114550 54 45
114838 52
114982 54
115127 47
115415 54
115703 59
115992 54
116280 47
116569 54 59
116857 49 61
117146 52 57 61
117434 57 62
117578 40
117723 42
117867 45
118011 45
118300 57 62 50
118588 45 66
118732 42
118877 64
119021 45 50
119165 43 62
119309 45
119453 61 42
119598 43 62
119742 47
119886 61 54
120030 59 59
120175 50
120319 47
120463 54
120607 57
120752 54 59
120896 47
121040 50
121184 52
121328 54 59
121473 45 61
121627 49
121782 50
121937 52 57 61
122091 57
122251 40
122410 42
122570 45
122730 45
123049 57 50
123368 57
123527 40
123687 42 55
123847 45
124006 54 45
124325 52 50
124485 54
124644 47
124964 54
125283 59
125921 69 47
126240 67
126559 66 45 49 52
126878 64
127038 66
127198 50
127517 57
127836 62
128474 50
128793 57
129112 50
129432 61
129751 55 43
130070 50
130230 55
130389 55 43 50 55
130868 55
131027 57 43
131187 59
131347 50
131506 59
131666 43 50 55
131985 59
132304 57 45
132623 52
132783 57
132942 57 45 52 57
133421 57
133581 59 45
133740 61
133900 52
134059 61
134219 45 52 57
134538 61
134857 62 47
135176 61
135336 54
135495 59 47 54 59
135815 57
136134 57 47
136453 55 54 59
136772 54
136932 47 55
137091 54 59
137251 54
137410 47
137730 59 54
138208 47
138368 54 59
138687 47
139006 54 59
139325 66
139485 45
139644 52 57
139964 55 43
140283 55 50
140602 43
140921 55 50
141081 55
141240 57 43
141400 59
141559 50
141719 59
141878 43
142198 50
142357 59
142517 57 45
142836 57 52
143155 45
143474 57 52
143634 57
143793 59 45
143953 61
144112 52
144272 61
144432 45
144751 52
144910 61
145070 62 47
145389 61 54
145708 59 59
146027 57 54
146347 57 47
146669 55 54
146992 59
147153 54
147336 55 54
147519 54
147702 47
148068 59 54
148616 47
148799 54 59
149165 47
149531 54 59
150080 45
150263 52 57
150446 55
150607 43 55
150768 45
150930 46 55
151091 47
151252 47 55
151413 48
151575 50 55
151736 53
151897 57 55
152059 53 59
152220 48
152381 47 50 55 59
152542 47
152704 46
152865 45 59
153026 43 50 55
153188 45 57
153349 47
153510 49 57
153671 50
153833 51 57
153994 52
154155 54 57
154317 55
154478 59 57
154639 54 61
154800 52
154962 51 57 61
155123 50
155284 49
155446 47 61
155607 45 52 57
155768 47 66
155930 50
156091 54 64
156252 59
156413 47 62
156575 50
156736 54 61
156897 59
157059 42 62
157220 45
157381 49 61
157542 54
157704 42 59
157865 45
158026 61 49
158188 54 62
158349 47
158510 50
158671 54
158833 59
158994 54
159639 47
159800 50
159962 54 59
160123 50
160284 62 47
160607 62
160768 61
160930 45
161091 47
161252 49
161413 50
161575 51
161736 52
161897 54
162059 55
162220 57
162381 54
162542 52
162704 51
162865 50
163026 59
163188 57
163563 45
163997 52
164432 57
165302 45
165611 52
165920 57
167420 52
167730 50
168039 69 57
168348 69 62
168657 69 57
168812 69
168967 50
169121 67
169276 57
169585 62
169740 66
169894 67 57
170204 69 54
170513 69 57
170822 69 61
171132 71 57
171441 69 54
171596 67
171750 57
172059 66 61
172369 67 57
172678 69 50
172987 69 57
173297 69 62
173606 69 57
173760 69
173915 50
174224 57
174534 62
174611 67
174688 66
174843 67 57
175152 69 54
175461 69 57
175771 69 61
176080 71 57
176389 69 54
176544 67
176699 57
177008 61
177163 66
177317 64 57
177626 47 66
177946 54
178265 59
178584 54
178903 47
179222 54
179541 59
180160 43
180469 67 50 55
180778 67 43
180933 67
181088 50 55
181242 66
181397 45
181552 64
181706 52 57
181861 62
182016 45
182170 64
182325 52 57
182479 66
182634 47
182943 54
183253 59
183871 47
184180 54
184490 59
185108 43
185418 67 50
185572 67
185727 67 55
185882 67
186191 69
186345 45
186500 69
186655 52
186809 69
186964 57
187119 71
187583 47
187892 54
188201 59 66
188510 54
188820 47
189129 54
189438 45 54 59
190057 43
190366 67 50
190675 67 55
190830 67
190985 50
191139 66
191294 45
191449 64
191603 52 57
191758 62
191912 45
192222 64 52 57
192376 66
192531 47
192840 54
193150 59
193459 54
193768 47
194077 66 59
194400 66 54
194561 64
194723 62 59
194884 64
195045 45
195368 52
195690 57
196013 52
196335 45
196676 52
197017 57
201517 52 57 61
202717 52 57 61
203717 52 57 61 64
204587 52 57 61 64
204962 57 62
205130 40
205299 42
205467 45
205636 45
205973 57 62 50
206310 45 66
206479 42
206647 45
206816 64 45 50
206984 43 62
207153 45
207321 61 42
207490 43 62
207658 47
207827 61 54
207996 59 59
208479 54
208641 57
208802 54 59
208963 47
209125 50
209286 52
209447 54 59
209608 45
209768 49
209928 50
210087 52 57 61
210247 69
210406 40
210566 42
210725 45
210885 45
211204 69 50
211523 69
211683 40
211842 42 67
212002 45
212162 66 45
212481 64 50
212640 66
212800 47
213119 54
213438 59
214077 45
214695 45 49 52 61
215314 50 57 62
215623 50 57
215932 50 57 62
216241 57 62 50 57 62
216551 66
216860 64 57 62
217169 45
217324 62
217479 61
217633 62
217788 47
217943 61
218097 54 59
218406 54 59
218716 47 54 59
219025 47
219334 54 59
219644 61
219953 52 57 61
220262 50 57
220571 57
220881 62
221190 57
221499 57 50
221808 55 57 62
222118 52 45 57 62
222272 54
222427 52
222582 54
222736 47
223046 59 54
223510 47
223664 54 59
223973 69 47
224283 67 54 59
224592 64
224747 49 66
224901 52 57 61
225133 64
225211 50 66
225520 57
225829 62
226138 57
226448 50
226757 57
227066 69
227711 47 71
228034 54
228357 59
228679 54
229002 47
229324 54 59
229647 49
229808 61
229969 52 57 61
230292 50 62
230615 57
230937 62
231582 66 50
231905 64 57 62
232227 45
232389 62
232550 61
232711 59
232880 47
233217 54
233554 59
234228 47
234565 54 59
234902 49 61
235239 52 57 61
235577 50 57
235914 57
236251 62
236925 57 50
237262 55 57
237599 54 45 57 62
237936 52
238105 54
238273 47
238610 54
238947 59
239284 54
239621 69
239959 67
240296 66 49
240633 64
240801 66
240970 50
241307 57
241644 62
241981 57
242318 50
242655 57 62
242992 61 45
243666 47 62
244003 54
244341 59
244678 54
245015 47
245352 54 59
245689 49 66
246363 50 62
246704 57 62
247045 50
247386 57 62
247727 50
248068 57 62
248408 45
248749 52 57
249090 57 50
249176 62
249261 66
