0 60
226 67
441 66
644 65
714 66
785 65
870 63
1085 58
1298 60
1406 60
1511 70 65 62
1727 48 72 67 63
1955 48 72 67 63
2170 48 72 67 63
2382 70
2811 67
3025 70
3237 67
3453 41 72
3681 41
4109 41 75
4323 74 43
4538 75
4752 43 67
4964 46 70
5180 48 72
5623 48 70
5835 48 72
6050 43 67
6265 67 43
6369 65
6478 46 67
6691 46 70
6906 41 72
7135 41
7562 41 75
7777 74 43
7991 75
8205 43 77
8417 46 79
8633 48 72
8861 48
9076 70
9288 48 72
9503 43 74
9718 75 43
9822 74
9931 72
10144 48
10360 41 77
10588 41
10803 77
11015 41 79
11230 48 75
11444 48
11658 72
11870 48 75
12086 77 41
12315 41
12420 72
12529 77
12742 41 79
12956 48 75
13171 48
13385 72
13597 48 75
13813 43 74
14256 43 74
14683 77
14898 75 67
15111 74 70
15324 67
15540 48 70
15768 55 72
15982 54
16186 53
16256 54
16326 53
16412 51
16627 46
16840 48
16948 48
17053 70 53 58
17268 55 72 60
17497 55 72 60
17711 55 72 60
18353 72
18567 70
18779 75
18995 55 51 48 72
19223 51 55 48
19438 67
19650 70
20080 72
20293 67
20506 70
20722 55 51 48 75
20950 51 55 48
21165 67
21377 70
21806 72
22020 67
22232 70
22448 53 48 44 72
22676 48 53 44
22891 67
23104 70
23318 55 51 47
23533 51 55 47 75
23747 67
23959 70
24064 67
24175 55 51 48 70
24403 51 55 48 72
25473 70 63
25686 72 67
25901 55 51 48 79 70
26130 51 55 48
26344 75 70
26557 72 67
26986 70 63
27200 75 70
27628 58 55 51 48 70 63
27856 55 51 58 48 72 67
28283 70 63
28388 63 70
28498 75 67
28713 70 63
28926 72 67
29139 70 63
29355 44 77 68
29583 56 51 48
29689 75
29798 56 48 51 68 77
30010 44 70 79
30225 46 75 67
30439 55 48 51 74
30653 43 72
30866 55 48 51 67 75
31081 45 42 74 66
31310 54 45
31415 54 45
31524 50 45
31737 50 45
31841 50 45
31951 54 50
32063 54 50
32166 50 45
32380 54 50
32592 57 54
32808 79 55 43
33036 55
33251 43
33893 67
34106 70
34319 67
34535 48 70
34763 55 72
34977 54
35181 53
35251 54
35321 53
35407 51
35622 46
36048 53 50
36263 55 51 48 72
36386 55 48 51
36492 79
36706 54 47 50 78
36919 77
37348 52 45 48 76
37562 51 47 44 75
37990 58 60 48
38218 67
38433 48 66
38636 65 48
38706 66
38777 65
38862 43 63
39077 43 58
39291 60 46
39399 60 60
39503 74 43 70 65
39719 48 75 72 67
39947 48 75 72 67
40162 75 72 48 67
40374 70
40804 67
41017 70
41230 67
41446 41 72
41674 41
42101 41 75
42316 74 43
42530 75
42744 43 67
42956 46 70
43172 48 72
43615 48 70
43827 48 72
44042 43 67
44257 67 43
44361 65
44470 46 67
44683 46 70
44899 41 72
45127 41
45554 41 75
45769 74 43
45984 75
46197 43 77
46410 46 79
46625 48 72
46854 48
47068 70
47281 48 72
47495 43 74
47710 75 43
47815 74
47924 72
48136 48
48352 41 77
48580 41
48795 77
49007 41 79
49222 48 75
49437 48
49650 72
49863 48 75
50079 77 41
50307 41
50412 72
50522 77
50734 41 79
50949 48 75
51163 48
51377 72
51589 48 75
51805 43 74
52248 43 74
52675 77
52890 75 67
53104 74 70
53316 67
53532 48 70
53760 55 72
53975 54
54178 53
54248 54
54319 53
54404 51
54619 46
54832 48
54940 48
55045 70 53 58
55261 55 72 60
55489 55 72 60
55704 55 72 60
56345 72
56559 70
56771 75
56987 55 51 48 72
57216 51 55 48
57430 67
57643 70
58072 72
58286 67
58498 70
58714 55 51 48 75
58942 51 55 48
59157 67
59369 70
59799 72
60012 67
60225 70
60441 53 48 44 72
60669 48 53 44
60883 67
61096 70
61311 55 51 47
61525 51 55 47 75
61739 67
61951 70
62056 67
62167 55 51 48 70
62395 51 55 48 72
63465 70 63
63678 72 67
63894 55 51 48 79 70
64122 51 55 48
64337 75 70
64549 72 67
64979 70 63
65192 75 70
65620 58 55 51 48 70 63
65849 55 51 58 48 72 67
66276 70 63
66380 63 70
66490 75 67
66705 70 63
66919 72 67
67131 70 63
67347 44 77 68
67575 56 51 48
67681 75
67790 56 48 51 68 77
68002 44 70 79
68217 46 75 67
68432 55 48 51 74
68645 43 72
68858 55 48 51 67 75
69074 45 42 74 66
69302 54 45
69407 54 45
69517 50 45
69729 50 45
69834 50 45
69944 54 50
70055 54 50
70158 50 45
70372 54 50
70584 57 54
70800 79 55 43
71028 55
71243 43
71885 67
72099 70
72311 67
72527 48 70
72755 55 72
72970 54
73173 53
73243 54
73314 53
73399 51
73614 46
74040 53 50
74256 55 51 48 72
74378 55 48 51
74484 79
74699 54 47 50 78
74911 77
75340 52 45 48 76
75554 51 47 44 75
75982 58 60 48
76211 67
76425 48 66
76629 65 48
76698 66
76769 65
76855 43 63
77069 43 58
77283 60 46
77391 60 60
77495 74 43 70 65
77711 48 79 72 67
77939 48 79 72 67
78154 48 79 72 67
