0 70 74 55 43
197 70 67 74 55 43
395 74 70 67 55 43
605 70 74 67
802 70 67 74
1023 70 67 79 74
1232 70 67 74
1440 77 72 69 65
1650 77 69 65 72
1847 77 69 65 72
2056 53 77 72 69 65
2255 77 72 69 65
2463 77 72 69 65
2684 72 69 65
2882 65 53 69 72 41
3090 67 70 55 43 74
3334 43
3508 70 67 74 55 43
3706 70 67 74 55
3914 70 67 74 55
4124 79 70 67 55 74
4752 74
4950 53 57 72 62
5356 53 62 57 69
5577 77 53 65
5994 53 41
6390 43 55
6611 67 74 70 55 43
7017 67 74 70 55
7435 72
7644 70
7853 72
8261 69 65 62
8469 69 62 74 65
8667 69 62 74 65 77
8876 53 65 62 69 41
9085 62 53 65 41 69
9306 48 43 62 65
9712 51
9920 63 51
10118 75 67 63 51
10329 75 63 67
10747 63 75 70 67
11164 67 75 70
11374 77 70 65
11466 74
11582 46
11780 72 53
12187 70
13024 72 46
13232 74 46
13638 70 74 46
13836 72 48
14255 70
14476 74 69 50 66 62
14940 74
15927 50
16125 53 41
16335 62 43 55 67
16405 70
16950 79 74 70 67
17159 79 70 67 74
17368 67 70 79 74
17577 67 70 74
17995 74
18193 72 53 62 57
18600 57 62 69
18809 62 77 53 65
19227 41 53
19644 55 43
19854 74 70 67 55 43
20063 67 55 74 70
20680 72
21086 70
21294 72
21713 69 65 62 77
21899 74 62 69 65
22108 41 53 62 69
22330 65 53 41
22538 48 65 62
22944 51
23165 51
23362 75 67 63 51
23572 75 67 63
23781 75 67 63
24001 75 67 63
24606 70 67 75
24815 74 46
25222 72
25268 53
25431 70
26256 72 46
26465 77 46 74 70
26883 70 46 74
27104 72 48
27510 70
27719 69 62 66 74 78 50
28009 66
28348 62
29160 74
29368 77
29578 79 70 75
29763 79
29984 46
30183 74 46
30404 74
30612 77
30822 79
30856 67
31228 79 74 70
31437 46 79
31645 77 53 46
33087 46
33295 46
33726 79 51
33923 70 79 51
34122 72
34330 63 74 46
34539 72
34736 53 41
34957 70 79 48
35155 53
35375 77 53 69
35793 74
35990 77
36189 74 70 79 77
36386 43
36618 50
36805 43 55 79
37419 55
37850 79
38048 77 45
38245 53 77 74
38466 57 45
38675 53 72
39302 70
39500 72
39708 70 77 74 46
40116 70 74
40325 72
40534 48
40742 70
40952 62 74 50 66
41149 78
41218 69
41254 66
42392 74
42613 77
42811 70 75 79
43031 79
43217 46
43437 74 46
43647 74
43856 77
44054 79
44101 67
44473 60 72 79 69
44669 41
44879 77 48 53
45087 53
46319 43
46552 50
46737 55 43
46958 79
47167 79
47272 55
47981 45
48190 79 53
48608 77 53
49653 75 48
49850 55 63 75
50037 48 60
50269 75
51093 77
51303 50 77
51500 58
51547 62
51720 62
51919 74 62 77
52256 50
52953 46 74
53580 79 75 48
54197 74 79 62 50
55020 62 74
55241 62 74
55438 77
55648 79
55729 50
56055 63 70 75 79
56253 67 63
56682 74
56879 53
56949 41
57100 77 53
57309 79
57914 79
58343 74
58540 53 41 77
58750 79 55 43
59830 67
59935 70
60806 67
61549 67 43
61654 62
