0 54 66 70 78 73
768 68 75 72
1684 68
2079 53 68 75 72 65
2835 46 65 70 68 73
4147 58 78 54 70 66 73
4555 77
4926 56 68 75 72
5588 68
6238 53 56 68 75 72 65
7018 70 73 68 65
7528 68 65
7795 68
7900 78
8051 77
8144 73
8307 68 70 65 46 73 61 54
8806 58
9085 60 68 44 75 56 63
9688 75
9875 68 56
10386 60 53 56 75 63
10793 68
11165 70 77 58 53 56 68 61
11954 68 61
12082 78
12221 77
12304 73
12455 46 70 73 65 58 61 54
13256 75 60 63 56 44
14033 68
14546 60 44 63 68 56 53
15335 73 70 68 58 61 56 53
16636 42
17148 46 61 58 65 42 70
17415 72 54
17670 73 61
17728 58
17937 54 73 42
18204 58 46 65 70 75 54
18460 72
18717 53
18798 41
18844 70
18972 68
19227 60 63 56
19494 53
20028 53
20273 53 56 41 60 63
20796 42
21051 70
21319 46 61 58 70 65 42
21585 65 72
21690 61
21841 73
21875 54
22107 73 70 54 42
22353 58 70 65 61 54
22608 68 73
22875 68 61 42
23398 42 46 68 65 61
23653 41 75
24177 53
24432 56 53 60 68 63
24967 42
25222 70
25477 46 70 61 42 58 65
25744 65 72
26000 70 73
26046 54
26256 61 58 70 73 54 42
26511 58 46 61 70 73 65 54 42
26779 70 75 46 73
27138 41
27301 53 72
27556 56 63 60 70
27812 70 53 60 41
27951 68
28348 53
28592 60 53 56 63 41 68
29125 42
29380 70
29648 54 58 65 70 61 42
29694 46
29903 72 54
30159 70 73 54
30416 70 61 73 54 42
30671 46 58 68 65 70 61 54
30856 73
31205 75 42
31472 75
31704 46 42 75
31738 65
31982 77 44
32240 75
32495 56
32750 60 44 63
33284 61 54 73 42
33795 46 70 61 65 58 42
33981 73
34062 54
34585 70 75 54 42
34842 61 46 58 65 77
35050 70
35108 61 73
35155 54
35363 75 44
35630 75
35886 75 60 63
36131 44 68 77 56
36409 56 75
36654 56
36921 44 60 68 63
37455 42
37977 58 65 61 42
38478 61 70
38745 66 72 54
39000 58 73 70 61 54 65 42
39268 58 73 61 70
39534 42
39790 75
40056 65 58 42 77
40291 44 75
40824 56
41092 56 68 60 44 63
41219 70
41300 51
41347 73
41613 70 77 54 42
41997 77 61 54 58 73
42381 68 56 75 72 44
42950 56
43171 56 60 68 44 63
43299 70
43437 72 60
43554 68
43693 65 75 56 68 41
44077 60 56 75
44472 73 65 46
44728 72
44995 53
45250 68 46 61
45378 70
45518 73
45633 70
45773 70 66 54 42
46157 61 58 42
46284 70 75
46541 44 63 72
46807 70
46911 51
47062 68 51
47318 44 56 60 68
47597 56 68
47852 68 56 75 41
48376 65 73 46
49142 53
49409 46 68 58 61 65
49549 70 46
49676 61 73
49931 70 77 73 66 54 42
50316 58 73 70 61 77 66 42 54
50710 68 56 75 72 44
51233 56
51500 56 60 75 63 68
51628 70
51662 51
51755 60 72
51942 41
52001 68 53 72
52094 41
52396 68 56 60
52534 72
52791 68 46 73
53057 72
53104 53
53312 53
53568 61 46 68 70
53835 73 61
53962 70
54080 66 70 42 54
54347 73
54486 61 70 42
54615 66 75
54870 63 72 44
55125 70
55380 51 68
55648 60 56 44
55915 68 56
56171 65 56 75 68 41
56694 65 73 46 68
57344 70 61 73 77
57610 46 70 61 73
57738 77 46
57878 73 70 77 61
58111 46 73 70
58251 54 42 61
58506 73 54
58761 70 58 46 65 73 61 42
59041 70 66
59296 73 70 61
59354 54
59562 73 70 61 58 54 66 42
59818 65 46 58 54 73 70 61
60075 73 70 75
60330 41
60585 72
60865 70 56 63 60
61120 70 53
61248 68
61352 56
61642 53
61898 56 60 68 63
62409 54 42
62677 70
62932 46 61 58 65 70
63199 72 66
63454 73 70
63490 61 54
63722 70 54 42 58
63978 65 58 70 61 68
64165 54
64361 42
64501 54 42
64756 61
65011 46 65 61
65267 41 75
65418 68
65801 77 53
66057 68 75 63 60 56
66313 73
66580 42
66835 54 73 61
67091 46 70 58 42 65 73 61
67370 70 54 42
67625 73 70
67882 54 70 42
67928 58
68126 58 61 65 73 54
68207 46
68393 70 75
68659 41 53
68916 53 72
69194 70 56 63 60
69449 53 70 41
69577 68
69961 53
70217 56 63 60
70751 42
71006 70
71250 46 58 65 70 61 42
71529 72
71784 73
71830 54
72029 58 70 61 54
72296 46 68 58 70 65 61
72505 54
72540 73
72830 42
73085 75
73341 58 70 61 42 77 65
73597 44 65 77
74120 75 56
74376 63 60
74608 75
74898 61 54 42 73
75421 46 58 61 65 42
75583 70
75687 73 54
75979 58
76200 75 54
76455 70 54 77 58 65 61
76665 46
76722 75
76977 44
77245 75
77511 75 63 60
77767 77 56
78024 56 63 75
78279 56
78534 44 68 60 63
79069 42 54
79579 61 42 70 58 65
79836 68 66
80103 70
80370 72 70 54
80615 58 46 70 73 61 42 54 65
80881 58 70 73 61
81148 42
81403 75
81671 77 65 70 42
81916 63 75
81985 44
82450 56 44
82705 75 60 68 56 63
82833 70
82915 51
82960 73
83228 66 77 70 54 42
83610 73 66 61 58 77 70 54 42
84006 68 75 56 72 44
84529 56
84784 63 68 60 56
84912 70
84947 75
85052 72
85179 68
85319 65 68 75 56 41
85702 68 60 75 56
86086 73 65 46
86342 72
86608 53
86865 70 68 46 65 61
87003 70
87143 73
87258 70 46
87398 66 70 42 54
87771 42 70 61 58
87910 66 42 75
88166 63 72
88235 44
88421 70
88688 68 51
88955 56 60
89210 68
89478 56 65 68 72 75 41
89978 46 65 73
90768 53
91023 68 58 65 61 46 53
91162 70
91290 73
91418 70
91557 77 70 66 42 54
91942 70 77 66 61 58 42 54
92336 68 56 75 72 44
92847 56
93115 56 60 68
93242 70
93334 75
93370 60 72
93509 68
93648 53 72 68
93707 41
94021 56
94149 72 60 68
94404 46 73 68
94671 72
94776 53
94938 53
95194 58 46 68 61
95321 70
95460 73
95705 70 66 54 42
95961 73
96100 58 54 70 42
96228 78 66 75
96495 63 72 44
96738 70
97018 63 68 51
97273 60 56
97540 68
97785 56 41 72 68
98307 46 65 73
99097 53
99352 46 68 65 61 53
99480 70
99620 46 73
99736 70
99876 70 77 66 42 54
100271 70 61 58 77 66 42
100654 56 75 72 44 68
101165 51
101397 60
101432 68 56 44
101571 60
101654 72
101944 41 68 75 56 65
102338 41 56 75 65
102733 46 73 65
103001 72
103256 53
103523 65 68 61 46 53
103641 70
103780 73
104035 66 54 70 42
104419 61 58
104557 75 66
104813 63 72 44
105080 70
105335 51 63 68
105602 56 60
105848 56 68
106115 56 68 41
106312 75
106649 65 73 46
107427 53
107672 68 65 61 46
107799 70
108055 70
108194 70 54 77 42
108588 54 73 66 61 77 58 42
108972 44 68 56 75 72
109495 51 72
109751 60 56 44
109891 70 60
110018 72
110146 68
110285 72 68 41
110610 56
110669 60
110796 56 68 72 60
111051 46 73 68
111342 73
111575 53
111843 68 46 61
111970 70
112098 73
112225 70
112365 66 70 42 54
112736 58 70 42 61
112887 66 75 42
113143 72 63 44
113409 70
113654 63 68 51
113922 56 60 44
114177 56 68
114432 68 41 56 75
114967 46 73 65
115187 68
116118 65
116524 77 70 61 42
117046 58 70 65 61 42 46
117301 54
117604 58
117813 54
117906 58
118057 46 58 65 70
118093 61 54 42
118348 54
118603 77 58 54 70 61 42
118998 73 70 46 65 61 42
119381 72 61 56 68 44
119637 75
119905 56
120160 63 60
120694 70 61 42 73 77
120845 54
121205 61 65 58 70 42
121472 54
121763 61
121996 54
122240 46 58 65 61 70 54
122506 54
122762 46 61 42 77 54 70 73
123018 65
123169 70 65 46 61 42
123542 68 44 56 72
124063 56
124319 60 68 63
124842 77 70 61 42
125108 68
125236 70
125363 58 73 65 46 61 42
125493 70
125621 54 77 65
125876 68
126016 70
126143 61 73 54
126399 46 65 58 77 70 61 54
126666 54
126932 77 54 70 61 42
127327 70 46 65 61 42
127700 56 72 44 68
128234 56
128490 60 63
129012 61 70 42
129268 68
129395 70
129512 46 65 73 61
129663 70
129779 58 65 77
130047 68
130174 70
130302 73 61 54
130430 70
130569 77 65 70 42 58 54 73 61
130848 54
131092 54 77 70 42 61
131476 70 46 42 61 65
131859 44 56 75 68 72
132393 56
132649 63 60
132834 68
133171 65 61 58 54
133428 73 54
133695 61 73
133938 46 61 54 70 65
133985 42
134205 73 61 54
134322 46
134473 70 58
134740 73 65 61 54 70 58
134995 70 75 73
135250 44 60 56 53 63
135507 60 75 72
135762 70 60
136029 56 72 60 53 63
136169 70
136285 56 75 68 63
136807 56 60 53 68 63
136947 41 70
137330 58 70 65 61 54 68
137586 70 65
137656 46
137854 70 61
137888 58
138109 46 65 72 61 58 54
138306 42
138376 70 61 73 54
138631 70 61 58 73
138690 46
138886 46 68 65 70 61 58 54
139107 73
139410 70 46 68 61 58 65 54
139666 68 61 42 54
139771 46
139933 61
140188 68 75 60 53 56 63
140711 68 77 63
140967 75 44 41 68 56 63 60 53
141245 73 68 56
141491 61 70 58 65
141559 54
141757 73 61 54
142012 73 61 54
142117 46
142268 46 70 58 54 73 61 65
142524 54 73 61
142802 73 58 70
143057 65 58 73 61 54
143127 46
143325 70 75 73
143570 60 53 68 56 44 63
143836 72 60 53
144092 70
144197 44
144359 72 60 53 68 56 63
144475 75 70
144615 56 68
144881 63
145137 60 53 68 63
145300 56
145649 58 70 61 65 54
145904 70 61 58 65
146183 58 65 70
146438 46 58 72 61 65 54
146520 42
146705 73 61 54
146752 58
146949 58 70 61 73
147007 46
147217 68 65 46 61 70 54
147508 58
147741 58 68 70 46 65 61 54
147903 42
147996 70 75
148262 65 77 58
148518 77 53 60 68 63
148669 56
149041 63 75 53
149296 44 53 68 56 60 63
149808 61 54 42 73
150342 70 65 61 58 42
150481 73
150598 54
151131 54 75 42 66
151377 70 58 65 61 54
151516 46
151644 73
151899 75 44 73
152154 75
152410 60 63 75
152688 77
152944 75 56
153199 56
153456 44 60 68 63
153967 54 42
154501 58 65 61 42
154756 54 66
154815 70
155024 70
155280 72 70 54
155535 58 46 73 70 65 61 54 42
155803 73 70 58
156070 54 42
156325 75
156580 61 58 70 77 42 65
156848 75 44
157348 56
157615 44 68 63 60
157754 70
157882 51 73
158149 66 77 70 54 42
158532 70 58 42 77 73 66 61 54
158916 44 68 56 75 72
159440 56
159695 44 68 60 56 63
159822 70
159961 72 60
160090 68
160159 41
160228 75 65 56 68
160309 41
160437 53
160611 60 75 56
161006 46 73 65
161263 72
161519 53
161774 58 68 46 65 53 61
161913 70
162041 73
162169 70
162308 66 70 54
162354 42
162575 73
162692 58 61 70 42
162830 54 66 75
163098 63 72
163155 44
163343 70
163424 51
163598 56 68 51 63
163853 60 56 44
164121 56 68
164387 72 53 56 75 41 68
164910 65 73 46
165690 53
165945 58 65 68 46 53 61
166072 70
166211 73
166467 70 77 66 54 42
166838 73 54 58 70 77 66 42 61
167234 68 56 75 72 44
167769 56
168024 68 60 56 63
168152 70
168291 72
168372 68
168547 72 68 41
168942 60 56 68
169080 72 60
169313 46 73 68
169581 72
169848 53
169941 68
170103 68 61
170231 70
170371 73
170486 70
170637 66 42 54 70
171021 61 42
171148 66 75
171394 44 72 63
171660 70
171916 68 51
172183 60 56
172450 68
172717 68 75 41
173229 65 73 46
174007 53
174274 65 58 68 61 46
174402 70
174529 73
174657 70
174797 77 70 66 54 42
175041 73
175170 58 77 70 54 66 61 42
175576 68 56 75 44 72
176086 56 44
176353 75 68 63 60 44 56
176481 70
176609 72
176736 68
176876 65 68 75 56
176934 41
177260 60 56 75
177644 46 73 65
177910 72
178177 53
178433 65 68 61 46 53
178560 70
178688 73
178828 70
178955 66 73 70 42 54
179340 58 61 70 42
179468 66 75
179734 63 72
179804 44
179990 70
180246 68 51
180512 60 56 44
180779 56 68
181047 65 68 56 75 41
181547 46 65 73
182336 53
182592 68 61 46 65 53
182720 70
182859 73
182986 42
183104 70 66 42 77 54 73
183476 66 42 61 58 70 77
183510 54
183894 68 75 44 56 72
184416 56
184672 60 68
184706 63
184810 70
184938 60 72
185183 68 53 72
185276 41
185555 60
185590 56
185718 72 60 56 68
185973 68 73 46
186240 72
186333 53
186496 53
186751 68 61 70
187029 73
187147 70
187275 73 54 66 70 42
187670 58 61 70 42
187797 75 66
188052 72 44 63
188320 70
188575 68 56 51
188842 60 56 44
189087 68 56
189343 41 65 56 68 75
189876 65 73 46
191387 73
191538 65
193513 46
195697 54 70 78 73 66
196486 68 75 72
197394 68
197776 53 68 72 75 65
198566 68 65 70 73
199856 58 54 78 73 70 66
200285 77
200646 56 68 75 72
201297 68
