0 59 52
300 59 47
450 59
600 59 45
900 59 47
1050 59
1200 59 52
1500 59 47
1650 59
1800 59 45
2100 59 47
2250 59
2400 59 52
2550 60
2700 59 47
2850 58
3000 59 45
3300 64 47
3600 52 67
3900 47
4200 45
4500 67 47
4800 69 51
5100 69 47
5250 69
5400 69 51
5550 67
5700 66 47
5850 69
6000 52 67
6300 47
6600 52
6900 64 47
7050 67
7200 66 54
7500 66 52
7650 66
7800 61 54
8100 66 52
8400 63 51 54
9000 59 47
9600 59 52
9900 59 47
10050 59
10200 59 47
10500 59 47
10650 59
10800 59 52
11100 59 47
11250 59
11400 59 47
11550 60
11700 59 47
11850 58
12000 59 52
12300 64 47
12450 67
12600 71 47
12900 75 47
13200 52 78
13500 47
13800 47
14100 78 47
14400 79 51
14550 78
14700 77 47
14850 79
15000 52 78
15300 47
15600 77 43
15750 75
15900 74 52
16050 77
16200 44 75
16500 52
16800 72 45
16950 71
17100 69 52
17250 67
17400 47 66
17700 54
17850 63
18000 55 59 64
18600 52 52
19200 59 52
19500 59 47
19650 59
19800 59 47
20100 59 47
20250 59
20400 59 52
20700 59 47
20850 59
21000 59 47
21300 59 47
21450 59
21600 59 52
21750 60
21900 59 47
22050 58
22200 59 47
22500 64 47
22800 52 67
23100 47
23400 47
23700 67 47
24000 69 51
24300 69 47
24450 69
24600 69 51
24750 67
24900 66 47
25050 69
25200 52 67
25500 47
25800 52
26100 64 47
26250 67
26400 66 54
26700 66 52
26850 66
27000 61 54
27300 66 52
27600 63 54
28200 59 47 47
28800 59 52
29100 59 47
29250 59
29400 59 47
29700 59 47
29850 59
30000 59 52
30300 59 47
30450 59
30600 59 47
30750 60
30900 59 47
31050 58
31200 59 52
31500 64 47
31650 67
31800 71 47
32100 75 47
32400 52 78
32700 47
33000 47
33300 78 47
33600 79 51
33750 78
33900 77 47
34050 79
34200 52 78
34500 47
34800 77 43
34950 75
35100 74 52
35250 77
35400 44 75
35700 52
36000 72 45
36150 71
36300 69 52
36450 67
36600 47 66
36900 54
37050 63
37200 59 64
37800 52
38400 45 69
38700 52
38850 68
39000 69 45
39300 71 52
39600 45 72
39900 52
40200 45
40500 69 52
40800 43 71
41100 52
41400 43
41700 67 52
42000 43 71
42300 52
42600 43
42900 67 52
43200 54 66
43500 52
43800 54
44100 65 52
44400 66 54
44700 67 52
45000 69 54
45300 66 52
45600 43 67
45900 52
46200 43
46500 52
46800 43
47100 52
47400 67 43
47700 67 52
48000 45 69
48300 52
48450 68
48600 69 45
48900 71 52
49200 45 72
49500 52
49800 45
50100 69 52
50400 43 71
50700 52
51000 43
51300 67 52
51600 43 71
51900 52
52200 43 76
52500 52
52800 45
53100 52 69
53400 45
53700 72 52
54000 71 44
54300 67 52
54600 69 43
54900 66 50
55200 64 43 47
56100 71
56400 76
57000 52
57600 59 52
57900 59 47
58050 59
58200 59 47
58500 59 47
58650 59
58800 59 52
59100 59 47
59250 59
59400 59 47
59700 59 47
59850 59
60000 59 52
60150 60
60300 59 47
60450 58
60600 59 47
60900 64 47
61200 52 67
61500 47
61800 47
62100 67 47
62400 69 51
62700 69 47
62850 69
63000 69 51
63150 67
63300 66 47
63450 69
63600 52 67
63900 47
64200 52
64500 64 47
64650 67
64800 66 54
65100 66 52
65250 66
65400 61 54
65700 66 52
66000 63 54
66600 59 47
67200 59 52
67500 59 47
67650 59
67800 59 47
68100 59 47
68250 59
68400 59 52
68700 59 47
68850 59
69000 59 47
69150 60
69300 59 47
69450 58
69600 59 52
69900 64 47
70050 67
70200 71 47
70500 75 47
70800 52 78
71100 47
71400 47
71700 78 47
72000 79 51
72150 78
72300 77 47
72450 79
72600 52 78
72900 47
73200 77 43
73350 75
73500 74 52
73650 77
73800 44 75
74100 52
74400 72 45
74550 71
74700 69 52
74850 67
75000 47 66
75300 51 54
75450 63
75600 59 64
76200 52
76800 64 45
77100 64 52
77250 64
77400 64 52
77700 64 52
77850 64
78000 64 45
78300 64 52
78450 64
78600 64 52
78900 64 52
79050 64
79200 64 45
79350 65
79500 64 52
79650 63
79800 64 52
80100 69 52
80400 45 72
80700 52
81000 52
81300 72 52
81600 74 44
81900 74 52
82050 74
82200 74 44
82350 72
82500 71 52
82650 74
82800 45 72
83100 52
83400 45
83700 69 52
83850 72
84000 71 47
84300 71 57
84450 71
84600 66 47
84900 71 57
85200 68 59
85800 52
86400 52 45
86700 52 48
86850 52
87000 52 46
87300 52 48
87450 52
87600 52 45
87900 52 48
88050 52
88200 52 46
88350 53
88500 52 48
88650 51
88800 52 45
89100 57 48
89250 60
89400 64 46
89700 69 48
90000 45 72
90300 48
90600 46
90900 72 48
91200 74 44
91350 72
91500 71 50
91650 74
91800 45 72
92100 48
92400 71 47
92550 69
92700 68 51
92850 71
93000 48 69
93300 52
93600 65 50
93750 64
93900 62 53
94050 60
94200 52 59
94500 56
94650 56
94800 57 69
95400 45 57
96000 69 50
96300 69 57
96450 69
96600 69 45
96900 69 57
97050 69
97200 69 50
97500 69 57
97650 69
97800 69 45
98100 69 57
98250 69
98400 69 50
98550 70
98700 69 57
98850 68
99000 69 45
99300 74 57
99600 50 77
99900 57
100200 45
100500 77 57
100800 79 49
101100 79 57
101250 79
101400 79 49
101550 77
101700 76 57
101850 79
102000 50 77
102300 57
102600 50
102900 74 57
103050 77
103200 76 52
103500 76 62
103650 76
103800 71 52
104100 76 62
104400 73 64
105000 57
105600 57 50
105900 57 53
106050 57
106200 57 45
106500 57 53
106650 57
106800 57 50
107100 57 53
107250 57
107400 57 45
107550 58
107700 57 53
107850 56
108000 57 50
108300 62 53
108450 65
108600 69 45
108900 74 53
109200 50 77
109500 53
109800 45
110100 77 53
110400 79 49
110550 77
110700 76 55
110850 79
111000 50 77
111300 53
111600 76 52
111750 74
111900 73 56
112050 76
112200 53 74
112500 57
112800 70 55
112950 69
113100 67 58
113250 65
113400 57 64
113700 61
113850 61
114000 62 62
115200 57 64 69 77
