0 52
1920 48
2880 47
3840 52
5760 48
6720 47
7680 64 52
8400 64
8640 67
8960 64
9280 62
9600 60 48
10560 59 47
11520 64 52
12240 64
12480 67
12800 64
13120 62
13440 60 48
13760 62
14080 60
14400 59 47
15360 64 52
16080 64
16320 67
16640 64
16960 62
17280 60 48
18240 59 47
19200 64 52
19920 64
20160 67
20480 64
20800 62
21120 60 48
21440 62
21760 60
22080 59 47
22320 64
22560 64
22800 64
23040 67 52
23280 64
23520 64
23760 52
24000 55
24320 52
24640 50
24960 48
25680 64
25920 64 47
26160 64
26400 64
26640 64
26880 64 52
27120 64
27360 64
27600 64 52
27840 64 55
28160 52
28200 64
28480 50
28560 64
28800 48
29760 47
30000 64
30240 64
30480 64
30720 67 52
30960 64
31200 64
31440 52
31680 55
32000 52
32320 50
32640 48
33600 64 47
33840 64
34080 64
34560 64 52
34800 64
35040 64
35280 64 52
35520 64 55
35840 52
35880 64
36160 50
36240 64
36480 48
37440 47
37920 64
38160 64
38400 71 52
38640 71
38880 69
39120 69 52
39360 67 55
39680 52
39720 66
40000 50
40080 64
40320 48
40560 64
40800 64
41040 64
41280 63 47
41640 63
42000 64
42240 52
42960 52
43200 55
43520 52
43840 50
44160 48
45120 47
46080 64 52
46320 64
46560 64
46800 64 52
47040 64 55
47360 52
47400 64
47680 50
47760 64
48000 48
48240 64
48480 64
48720 64
48960 63 47
49320 63
49680 64
49920 52
50640 52
50880 55
51200 52
51520 50
51840 48
52800 47
53760 55 43
54000 55
54240 55
54480 55
54720 55 43
54960 55
55200 55
55440 55
55680 57 45
55920 57
56160 57
56400 57
56640 57 45
56880 57
57120 57
57360 57
57600 64 52
58320 64 52
58560 67 55
58880 64 52
59200 62 50
59520 60 55
60480 59 54
61440 64 52
62160 64 52
62400 67 55
62720 64 57
63040 62 55
63360 60 55
63680 57
64000 55
64320 59 54
65280 64 52
66000 64 52
66240 67 55
66560 64 52
66880 62 50
67200 67 55
68160 66 54
69120 64 52
69840 64 52
70080 67 55
70400 64 52
70720 62 50
71040 60 48
71360 62
71680 60
72000 59 47
72960 55 43
73440 55
73920 55 43
74400 55
74880 57 45
75360 57
75840 57 45
76320 57
76800 64 52
77520 64
77760 67
78080 64
78400 62
78720 60 48
79680 59 47
80640 64 52
81360 64
81600 67
81920 64
82240 62
82560 60 48
82880 62
83200 60
83520 59 47
84480 64 52
85200 64
85440 67
85760 64
86080 62
86400 60 48
87360 59 47
88320 64 52
89040 64
89280 67
89600 64
89920 62
90240 60 48
90560 62
90880 60
91200 59 47
91440 64
91680 64
91920 64
92160 67 52
92400 64
92640 64
92880 52
93120 55
93440 52
93760 50
94080 48
94800 64
95040 64 47
95280 64
95520 64
95760 64
96000 64 52
96240 64
96480 64
96720 64 52
96960 64 55
97280 52
97320 64
97600 50
97680 64
97920 48
98880 47
99120 64
99360 64
99600 64
99840 67 52
100080 64
100320 64
100560 52
100800 55
101120 52
101440 50
101760 48
102720 64 47
102960 64
103200 64
103680 64 52
103920 64
104160 64
104400 64 52
104640 64 55
104960 52
105000 64
105280 50
105360 64
105600 48
106560 47
107040 64
107280 64
107520 71 52
107760 71
108000 69
108240 69 52
108480 67 55
108800 52
108840 66
109120 50
109200 64
109440 48
109680 64
109920 64
110160 64
110400 63 47
110760 63
111120 64
111360 52
112080 52
112320 55
112640 52
112960 50
113280 48
114240 47
115200 64 52
115440 64
115680 64
115920 64 52
116160 64 55
116480 52
116520 64
116800 50
116880 64
117120 48
117360 64
117600 64
117840 64
118080 63 47
118440 63
118800 64
119040 52
119760 52
120000 55
120320 52
120640 50
120960 48
121920 47
122880 55 43
123120 55
123360 55
123600 55
123840 55 43
124080 55
124320 55
124560 55
124800 57 45
125040 57
125280 57
125520 57
125760 57 45
126000 57
126240 57
126480 57
126720 64 52
127440 64 52
127680 67 55
128000 64 52
128320 62 50
128640 60 55
129600 59 54
130560 64 52
131280 64 52
131520 67 55
131840 64 57
132160 62 55
132480 60 55
132800 57
133120 55
133440 59 54
134400 64 52
135120 64 52
135360 67 55
135680 64 52
136000 62 50
136320 67 55
137280 66 54
138240 64 52
138960 64 52
139200 67 55
139520 64 52
139840 62 50
140160 60 48
140480 62
140800 60
141120 59 47
142080 55 43
142560 55
143040 55 43
143520 55
144000 57 45
144480 57
144960 57 45
145440 57
145920 64 52
146640 64
146880 67
147200 64
147520 62
147840 60 48
148800 59 47
149760 64 52
