0 73
600 72
900 70
1200 66
1800 66
1950 68
2100 70
2250 68
2400 72 44
3000 70
3300 68
3600 65 41
4200 65
4350 66
4500 68
4650 65
4800 70 42
5400 68
5700 66
6000 72 44
6600 70
6900 68
7200 70 46
8250 46
8400 49
8700 46
9000 49
9300 46
9600 41
9750 65 65
9900 65 65
10050 65 65
10200 65 65
10350 63 63
10500 61 61
10650 63 63
10800 65 65
11100 68 68
11400 68 68
12150 63 63
12300 63 63
12450 63 63
12600 63 63
12750 61 61
12900 60 60
13050 61 61
13200 63 63 41
13500 68 68
13800 68 68
14550 63 63
14700 63 63
14850 65 65
15000 63 63
15300 61 61
16050 65 65
16200 63 63
16500 61 61
16800 46
17250 65 65
17400 63 63
17700 61 61
17850 46
18000 49
18300 46
18600 49
18900 46
19200 41
19350 65 65
19500 65 65
19650 65 65
19800 65 65
19950 63 63
20100 61 61
20250 63 63
20400 65 65
20700 68 68
21000 68 68
21900 70 70
22200 68 68
22650 65 65
22800 68 68 41
22950 65 65
23100 63 63
23250 65 65
23400 61 61
24150 63 63
24300 63 63
24450 65 65
24600 63 63
24900 61 61
25650 65 65
25800 66 66
25950 65 65
26100 63 63
26400 46
27000 63 63
27300 63 63
27450 63 63 46
27600 63 63 49
27900 63 63 46
28050 65 65
28200 63 63 49
28500 61 61 46
28800 73
29400 70 72
29700 70
30000 68 66
30300 70
30450 68
30600 66
30750 68 68
30900 68 70
31050 68 68
31200 65 72
31500 68
31800 65 70
32100 65 68
32250 65
32400 63 65 41
32550 63
32700 65
32850 63
33000 65
33150 61 66
33300 58 68
33450 65
33600 70 42
33900 70
34050 70
34200 70 68
34500 68 66
34800 72 44
35100 68
35250 72
35400 70
35700 70 68
36000 70 46
36300 70
36450 70
36600 73
36900 70
37050 70
37200 73
37500 70
37650 70
37800 73
38100 70
38400 73
39000 70 72
39150 70
39300 70 70
39600 68 66
39900 70
40050 68
40200 66
40350 68 68
40500 68 70
40650 68 68
40800 65 72
41100 68
41400 65 70
41700 65 68
41850 65
42000 63 65 41
42150 63
42300 65
42450 63
42600 65
42750 61 66
42900 58 68
43050 65
43200 70 42
43500 70
43650 70
43800 70 68
44100 68 66
44400 72 44
44700 68
44850 72
45000 70
45300 70 68
45600 70 46
45900 70
46050 70
46200 73
46500 70
46650 70
46800 73
47100 70
47250 70
47400 73
47700 70
48000 46
50400 42
52800 44
53100 65
53400 63
54000 63
54200 61
54400 63
54600 63
54800 61
55000 63
55200 63 41
55650 58
56100 56
56250 56
56400 56
56550 58
56850 61
57000 63
57300 61
57600 46
57900 65
58200 63
58800 63
59000 61
59200 63
59400 63
59600 61
59800 63
60000 63 42
60450 58
60900 56
61050 56
61200 56
61350 58
61650 61
61800 63
62100 61
62400 44
62700 65 77 65
63000 63 75 63
63600 63 75 63
63800 61 73 61
64000 63 75 63
64200 63 75 63
64400 61 73 61
64600 63 75 63
64800 63 75 63 41
65250 58 70 58
65700 56 68 56
65850 56 68 56
66000 56 68 56
66150 58 70 58
66450 61 73 61
66600 63 75 63
66900 61 73 61
67200 73 41
67350 65
67500 65
67650 65
67800 65 72
67950 63
68100 61 70
68250 63
68400 65 66
68700 68
69000 68 66
69150 68
69300 70
69450 68
69600 72
69750 63
69900 63
70050 63
70200 63 70
70350 61
70500 60 68
70650 61
70800 63 65 41
71100 68
71400 68 65
71550 66
71700 68
71850 65
72000 70
72150 63
72300 63
72450 65
72600 63 68
72900 61 66
73200 72
73650 65
73800 63 70
74100 61 68
74400 70 46
74850 65
75000 63
75300 61
75450 46
75600 49
75900 46
76200 49
76500 46
76800 73 41
76950 65
77100 65
77250 65
77400 65 72
77550 63
77700 61 70
77850 63
78000 65 66
78300 68
78600 68 66
78750 68
78900 70
79050 68
79200 72
79500 70
79800 68 70
80100 68
80250 65
80400 68 65 41
80550 65
80700 63
80850 65
81000 61 65
81150 66
81300 68
81450 65
81600 70
81750 63
81900 63
82050 65
82200 63 68
82500 61 66
82800 72
83250 65
83400 66 70
83550 65
83700 63 68
84000 70 46
84600 63
84900 63
85050 63 46
85200 63 49
85500 63 46
85650 65
85800 63 49
86100 61 46
86400 73
87000 70 72
87300 70
87600 68 66
87900 70
88050 68
88200 66
88350 68 68
88500 68 70
88650 68 68
88800 65 72
89100 68
89400 65 70
89700 65 68
89850 65
90000 63 65 41
90150 63
90300 65
90450 63
90600 65
90750 61 66
90900 58 68
91050 65
91200 70 42
91500 70
91650 70
91800 70 68
92100 68 66
92400 72 44
92700 68
92850 72
93000 70
93300 70 68
93600 70 46
93900 70
94050 70
94200 73
94500 70
94650 70
94800 73
95100 70
95250 70
95400 73
95700 70
96000 73
96600 70 72
96750 70
96900 70 70
97200 68 66
97500 70
97650 68
97800 66
97950 68 68
98100 68 70
98250 68 68
98400 65 72
98700 68
99000 65 70
99300 65 68
99450 65
99600 63 65 41
99750 63
99900 65
100050 63
100200 65
100350 61 66
100500 58 68
100650 65
100800 70 42
101100 70
101250 70
101400 70 68
101700 68 66
102000 72 44
102300 68
102450 72
102600 70
102900 70 68
103200 70 46
103500 70
103650 70
103800 73
104100 70
104250 70
104400 73
104700 70
104850 70
105000 73
105300 70
