0 57
375 60
750 64
1125 69
1500 71 56
1875 64
2250 60
2625 71
3000 72 55
3375 64
3750 60
4125 72
4500 66 54
4875 62
5250 57
5625 66
6000 64 53
6375 60
6750 57
7125 60
7875 64
8250 60
8625 57
9000 59 55 47
9375 60 57 45
9750 60 57 45
10875 57 45
11250 53
11625 52
12000 45
12375 57
12750 60
13125 64
13500 71 56
13875 64
14250 60
14625 71
15000 72 55
15375 64
15750 60
16125 72
16500 66 54
16875 62
17250 57
17625 66
18000 64 53
18375 60
18750 57
19125 60
19875 64
20250 60
20625 57
21000 59 55 47
21375 60 57 45
21750 60 57 45
23250 45
23625 47
24000 60 48
24375 52
24750 55
25125 64
25500 66 50
25875 62
26250 57
26625 66
27000 64 53
27375 60
27750 57
28125 64
28500 59 45
28875 57
29250 45
29625 47
30000 60 48
30375 55
30750 52
31125 60
31500 67 43
31875 59
32250 55
32625 67
33000 67 50
33187 66
33375 66 62 57 50
33750 66 62 57 50
35250 45
35625 47
36000 60 48
36375 52
36750 55
37125 60
37500 66 50
37875 62
38250 57
38625 66
39000 64 53
39375 60
39750 57
40125 64
40500 59 45
40875 57
41250 45
41625 47
42000 60 48
42375 52
42750 55
43125 60
43500 50
43875 57
44250 62
44625 66
45000 64 60 57 53
45375 64 60 57 53
45750 64 60 57 53
48000 57
48375 60
48750 64
49125 69
49500 71 56
49875 64
50250 60
50625 71
51000 72 55
51375 64
51750 60
52125 72
52500 66 54
52875 62
53250 57
53625 66
54000 64 53
54375 60
54750 57
55125 60
55875 64
56250 60
56625 57
57000 59 55 47
57375 60 57 45
57750 60 57 45
60000 57
60375 60
60750 64
61125 69
61500 71 56
61875 64
62250 60
62625 71
63000 72 55
63375 64
63750 60
64125 72
64500 66 54
64875 62
65250 57
65625 66
66000 64 53
66375 60
66750 57
67125 60
67875 64
68250 60
68625 57
69000 59 55 47
69375 60 57 45
69750 60 57 45
71250 45
71625 47
72000 60 48
72375 52
72750 55
73125 60
73500 66 50
73875 62
74250 57
74625 66
75000 64 53
75375 60
75750 57
76000 64
76125 60
76500 59 45
76875 57
77250 45
77625 55 47
78000 60 48
78375 55
78750 52
79125 60
79500 67 43
79875 59
80250 55
80625 67
81000 67 50
81187 66
81375 66 62 57 50
81750 66 62 57 50
83250 45
83625 47
84000 60 48
84375 52
84750 55
85125 60
85500 66 50
85875 62
86250 57
86625 66
87000 64 53
87375 60
87750 57
88125 64
88500 59
88875 57
89250 45
89625 55 47
90000 60 48
90375 55
90750 52
91125 60
91500 66 50
91875 62
92250 57
92625 66
93000 64 60 57 53
93375 64 60 57 53
93750 64 60 57 53
96000 57
96375 60
96750 64
97125 69
97500 71 56
97875 64
98250 60
98625 71
99000 72 55
99375 64
99750 60
100125 72
100500 66 54
100875 62
101250 57
101625 66
102000 64 53
102375 60
102750 57
103125 60
103875 64
104250 60
104625 57
105000 59 55 47
105375 60 57 45
105750 60 57 45
106875 45
107250 53
107625 52
108000 45
108375 57
108750 60
109125 69
109500 71 56
109687 64
109875 60
110062 64
110250 71
110437 64
110625 60
111000 55
111187 60
111375 64
111562 72
111750 64
111937 60
112125 55
112500 54
112687 57
112875 62
113062 66
113250 62
113437 57
113625 54
114000 53
114187 57
114375 60
114562 64
114937 60
115125 57
115500 53
115687 57
115875 60
116062 64
116250 60
116437 57
116625 53
117000 55 47
117375 57 45
117750 60 57 45
119250 67 62 55 50 47
120000 67 60 55 52 45
120375 67 60 55 52
120562 67 60 55
120750 67 60 55 52
121125 67 60 55 52
121875 64 60 55 52
122625 67 62 55 52 45
123375 66 62 57 50 45
124125 45
124500 66 62 57
124875 66 62 57
125062 66 62 57
125250 66 62 57
125625 59 55 50 45
126000 67 60 55 52 45
126375 67 60 55 52
126562 67 60 55 52
126750 67 60 55 52
127125 67 60 55 52
127875 64 60 55 52
128625 71 67 64 50
129375 69 66 62
129750 64 59 55
130125 67 64 60
130500 64 59 55
130875 69 66 62
131625 52 45
132000 67 60 55 52 45
132375 67 60 55 52
132562 67 60 55
132750 67 60 55 52
133125 67 60 55 52
133875 64 60 55 52
134625 67 62 55 45
135375 66 62 57 50
136125 50
136500 62 55
136687 57
136875 66 62 57
137062 66 62 57
137250 66 62 57
137625 64 59 55
137812 64 59 55
138000 67 60 55 52 45
138375 67 60 55 52
138562 67 60 55 52
138750 67 60 55 52
139125 64 60 55 52
139500 59 55 50
139875 64 60 55 52
140625 71 67 64
141375 69 66 62
141750 64 59 55
142125 67 64 60
142500 64 59 55
142875 69 66 62
144000 48
144375 52
144750 55
145125 60
145500 47
145875 50
146250 55
146625 62
147000 59
147093 60
147375 57
147750 45
148125 52
148500 57
148875 60
149250 45
149625 47
150000 48
150375 52
150750 55
151125 60
151500 47
151875 50
152250 55
152625 64 60 57 53 48 41
153375 64 60 57 52 45
155250 45
155625 47
156000 48
156375 52
156750 55
157125 60
157500 47
157875 50
158250 55
158625 62
159000 59 45
159093 60
159375 57
159750 45
160125 52
160500 57
160875 60
161250 45
161625 47
162000 48
162375 52
162750 55
163125 60
163500 47
163875 50
164250 55
164625 64 60 57 53 48 41
165375 64 60 57 52 45
167250 45
167625 47
168000 48
168375 52
168750 55
169125 60
169500 47
169875 50
170250 55
170625 62
171000 67 60 55 52 45
171375 67 60 55 52
171562 67 60 55 52
171750 67 60 55 52
172125 67 60 55 52
172687 64 59 55 50
172875 64 60 55 52
173250 64 59 50
173625 67 62 55
174000 64 59 50
174375 66 62 57 50
175125 45
175500 66 62 57
175687 66 62 57
175875 66 62 57
176062 66 62 57
176250 66 62 57
176625 59 55
176812 59 55
177000 67 60 55 52 45
177375 67 60 55 52
177562 67 60 55 52
177750 67 60 55 52
178125 67 60 55 52
178500 64 59 55 50
178875 64 60 55 52
179437 64 59 55 50
179625 71 67 64
180187 64 59 55
180375 69 66 62
181125 67 64 60
181687 64 59 55
181875 69 66 62 50
182250 69 66 62
182437 69 66 62
182625 45
183000 67 60 55 52
183375 67 60 55 52
183562 67 60 55 52
183750 67 60 55 52
184125 67 55 52
184687 64 59 55 50
184875 64 60 55 52
185437 64 59 55 50
185625 67 62 55
186000 64 59 50
186375 66 62 57 50
187125 50
187500 66 62 57
187875 66 62 57
188062 66 62 57
188250 66 62 57
188625 59 55 52
188812 59 55
189000 67 60 55 52 45
189375 67 60 55 52
189562 67 60 55
189750 67 60 55 52
190125 67 60 55 52
190500 64 59 55 50
190687 64 60 55 52
190875 64 60 55 52
191437 64 59 55 50
191625 50 71 67 64
192375 69 66 62
193125 67 64 60
193875 69 66 62 50
195000 48
195375 52
195750 55
196125 60
196500 47
196875 50
197250 55
197625 62
198000 59
198093 60
198375 57
198750 45
199125 52
199500 57
199875 60
200250 45
200625 47
201000 48
201375 52
201750 55
202125 60
202500 47
202875 50
203250 55
203625 64 60 57 53 48 41
204375 64 60 57 52 45
206250 45
206625 47
207000 48
207375 52
207750 55
208125 60
208500 47
208875 50
209250 55
209625 62
210000 59 45
210093 60
210375 57
210750 45
211125 52
211500 57
211875 60
212250 45
212625 47
213000 48
213375 52
213750 55
214125 60
214500 47
214875 50
215250 55
215625 64 60 57 53 48 41
216375 64 60 57 52 45
218250 45
218625 47
219000 48
219375 52
219750 55
220125 60
220500 47
220875 50
221250 55
221625 62
222000 67 60 55 52 45
222375 67 60 55 52
222562 67 60 55 52
222750 67 60 55 52
223125 67 60 55 52
223687 64 59 55 50
223875 64 60 55 52
224250 64 59 50
224625 67 62 55
225000 64 59 50
225375 66 62 57 50
226125 45
226500 66 62 57
226687 66 62 57
226875 66 62 57
227062 66 62 57
227250 66 62 57
227625 59 55
227812 59 55
228000 67 60 55 52 45
228375 67 60 55 52
228562 67 60 55 52
228750 67 60 55 52
229125 67 60 55 52
229500 64 59 55 50
229875 64 60 55 52
230250 64 59 55 50
230437 64 59 55 50
230625 71 67 64
231187 64 59 55
231375 69 66 62
231937 64 59 55
232125 67 64 60
232687 64 59 55
232875 69 66 62 50
233250 69 66 62
233437 69 66 62
233625 45
234000 67 60 55 52
234375 67 60 55 52
234562 67 60 55 52
234750 67 60 55 52
235125 67 55 52
235687 64 59 55 50
235875 64 60 55 52
236250 64 59 55 50
236437 64 59 55 50
236625 67 62 55
237000 64 59 50
237375 66 62 57 50
238125 50
238500 66 62 57
238875 66 62 57
239062 66 62 57
239250 66 62 57
239625 59 55 52
239812 59 55
240000 67 60 55 52 45
240375 67 60 55 52
240562 67 60 55
240750 67 60 55 52
241125 67 60 55 52
241500 64 59 55 50
241687 64 60 55 52
241875 64 60 55 52
242437 64 59 55 50
242625 50 71 67 64
243375 69 66 62
244125 67 64 60
244875 69 66 62 50
246000 48
246375 52
246750 55
247125 60
247500 47
247875 50
248250 55
248625 62
249000 59
249093 60
249375 57
249750 45
250125 52
250500 57
250875 60
251250 45
251625 47
252000 48
252375 52
252750 55
253125 60
253500 47
253875 50
254250 55
254625 64 60 57 53 48 41
255375 64 60 57 52 45
257250 45
257625 47
258000 48
258375 52
258750 55
259125 60
259500 47
259875 50
260250 55
260625 62
261000 59 45
261093 60
261375 57
261750 45
262125 52
262500 57
262875 60
263250 45
263625 47
264000 48
264375 52
264750 55
265125 60
265500 47
265875 50
266250 55
266625 64 60 57 53 48 41
267375 64 60 57 52 45
269250 45
269625 47
270000 48
270375 52
270750 55
271125 60
271500 47
271875 50
272250 55
272625 60
273000 67 60 55 52 45
273375 67 60 55 52
273562 67 60 55 52
273750 67 60 55 52
274125 67 60 55 52
274687 64 59 55 50
274875 64 60 55 52
275250 64 59 50
275625 67 62 55
276000 64 59 50
276375 66 62 57 50
277125 45
277500 66 62 57
277687 66 62 57
277875 66 62 57
278062 66 62 57
278250 66 62 57
278625 59 55
278812 59 55
279000 67 60 55 52 45
279375 67 60 55 52
279562 67 60 55 52
279750 67 60 55 52
280125 67 60 55 52
280500 64 59 55 50
280875 64 60 55 52
281437 64 59 55 50
281625 71 67 64
282187 64 59 55
282375 69 66 62
282937 64 59 55
283125 67 64 60
283687 64 59 55
283875 69 66 62 50
284250 69 66 62
284437 69 66 62
284625 45
285000 67 60 55 52
285375 67 60 55 52
285562 67 60 55 52
285750 67 60 55 52
286125 67 55 52
286687 64 59 55 50
286875 64 60 55 52
287437 64 59 55 50
287625 67 62 55
288000 64 59 50
288375 66 62 57 50
289125 50
289500 66 62 57
289875 66 62 57
290062 66 62 57
290250 66 62 57
290625 59 55 52
290812 59 55
291000 67 60 55 52 45
291375 67 60 55 52
291562 67 60 55
291750 67 60 55 52
292125 67 60 55 52
292500 64 59 55 50
292687 64 60 55 52
292875 64 60 55 52
293437 64 59 55 50
293625 50 71 67 64
294375 69 66 62
295125 67 64 60
295875 69 66 62 50
297000 48
297375 52
297750 55
298125 60
298500 47
298875 50
299250 55
299625 62
300000 59
300093 60
300375 57
300750 45
301125 52
301500 57
301875 60
302250 45
302625 47
303000 48
303375 52
303750 55
304125 60
304500 47
304875 50
305250 55
305625 64 60 57 53 48 41
306375 64 60 57 52 45
308250 45
308625 47
309000 48
309375 52
309750 55
310125 60
310500 47
310875 50
311250 55
311625 62
312000 59 45
312093 60
312375 57
312750 45
313125 52
313500 57
313875 60
314250 45
314625 47
315000 48
315375 52
315750 55
316125 60
316500 47
316875 50
317250 55
317625 64 60 57 53 48 41
318375 64 60 57 52 45
320250 45
320625 47
321000 48
321375 52
321750 55
322125 60
322500 47
322875 50
323250 55
323625 62
343705 66 62 60
344204 66 62
344371 66 62
344704 64
345037 62
345703 62 59
346341 64
346660 62
346979 66
347298 62
347617 59
347776 57
347936 55
348255 62
349517 69
349674 67
349832 64
349990 62
350148 60
350305 57
350463 62
350621 60
350779 57
350936 55
351094 53
352356 67
352672 72
352829 59
352987 72
353303 72
353934 72
354249 69
354565 67
354722 69
355196 72
355669 74
355827 72
355984 69
356142 67
356300 65
356458 67
356615 69
357404 62
357720 69
357877 67
358035 64
358193 62
358351 60
358508 57
358666 62
358824 60
358982 57
359139 55
359297 52
359455 55
359613 57
359928 60
360086 62
360244 60
360559 60
360875 55
361190 69
361348 67
361506 64
361663 62
361821 60
361979 57
362097 60
362137 62
362294 60
362452 57
362610 55
362768 57
362925 55
363083 53
363320 55
363399 57
363714 60
363872 65
364030 62
364187 60
364345 57
364503 60
364621 62
364661 64
364976 67
365134 64
365292 67
365449 69
365607 72
365923 74
366238 74
366396 72
366554 74
366711 72
366869 72
367027 79
367500 79
367658 77
367816 74
367973 74
368131 72
368289 69
368447 72
368657 74
368867 72
368972 69
369078 72
369288 74
369498 72
369603 69
369709 72
369919 74
370129 72
370234 69
370340 72
370550 74
370760 72
370865 69
370971 72
371181 74
371391 72
371496 69
371602 72
371812 74
372022 72
372127 69
372233 72
372443 74
372653 72
372758 69
372864 72
373074 74
373284 72
373389 69
373495 72
373705 74
373915 72
374020 69
374126 72
374336 74
374546 72
374651 69
374914 79
376334 76
376492 79
376650 76
376807 74
376965 72
377123 69
377281 72
377438 74
377596 72
377754 69
377912 72
378069 74
378385 79
378543 74
378753 72
378858 69
381382 74
381698 79
382171 77
382486 74
382749 72
382854 69
382960 74
383117 72
383275 69
383433 72
383591 74
386430 69
387377 69
387692 69
388008 67
388165 67
388481 67
388639 69
391478 65
392740 65
392898 64
393056 62
393213 60
393371 62
393529 60
393687 62
393844 64
394002 62
394160 60
394318 57
396447 76
396763 76
397078 76
397394 76
397709 76
398025 76
465801 74
467301 76
468801 76
470301 69
471051 67
471801 69
472176 74
472551 76
472926 79
473301 79
476347 64 71
476394 59 70
476441 55 64
476488 50 57
476535 57 52 45
