0 79
1103 79
4171 63
4287 70
4403 77
4519 72
5322 77
5356 75
6169 75
6692 77
7180 70
7471 79
7517 51
7622 72
7970 63
8040 51
8434 70
8516 51
9038 51
11491 63
11606 70
11642 63
11769 70
11885 77
12186 51
13558 44
14220 51
15068 51
15278 75
16160 51
17101 70
17172 77
17404 77 70
17508 51
18483 58 51 44
20343 63
20424 44
20795 63
22271 63
23049 51 77
24083 51
24234 67 51
24582 70 67
24756 46 58 55 67 62 51
24803 43
25420 43
25815 65 68 53
26336 56 63 75 60
26453 44
26697 75
27395 70 55
27731 74
27917 70 65 58 62
28056 46 43
28347 70
28602 74
28962 56 71
29497 77 65 63 59 56
29846 77 65
30205 75
30380 77
30566 67 55
30902 77
31066 62 75 58 46
31135 43
31415 74 62 58
31507 43
31960 75
32134 72 60
32656 48 67 64
33005 73
33180 72
33227 60
33528 67
33703 53 65
34225 57 53 60
34387 41
34574 53 65
34736 69
35085 72
35259 75 72 68 58 46 65
35771 53
36107 72 75 65 77 68 53
36270 46
36804 67
37130 70
37304 67 62 58 55
37827 62 58
38024 46
38337 68 41
38836 75 56 63 60 41
39175 75
39337 44 60 56 41
39848 70 43
40185 74
40335 70 62 58
40394 46
40847 43 62 65 58
41092 46
41324 44 71
41834 56 77 65 59 44
42172 65 77
42334 63 56 65 59 44
42497 75
42659 65 77
42822 43 79
43159 77 43
43310 58 62 43 75
43450 46
43647 62 74
43809 46 62 58 43 65
44135 75
44309 72 48
44820 60 58 64 55 48
45146 73
45308 72 58 48 60
45495 55
45646 67
45797 53 65 41
46307 69 53 65 57 60 41
46655 65
46818 65 57 72 60 53 41
47133 68
47179 72 60
47249 75
47342 79
47806 46
48143 75 77 72 68
48329 47
48805 55 75 67 48 70
49305 67 48
49816 55
50199 55
50316 62
50826 48 63
51315 55 67 48
51652 63 75
51709 79
51745 67
51860 79
52047 51
52348 55 43 58 62 51
53046 77
53208 79
53383 41
53905 56 60 63
54602 79
54940 43
55451 62 65 58 43
55521 46
56043 62
56484 44
56984 75 59 65 44
57252 59 71
57496 44 59 56 65 63
57995 79 74 70
58065 43
58517 43 62 58 70 65
58784 62 74
59041 79 46
59284 77
59552 48 76
60051 48 55 61 58 52
60318 61 73 58
60550 56 72 58
60805 70 48 55
61062 69 53 63
61306 41 48
61573 53 41 63 72
61922 75
62072 41 75 69 51 48
62583 46 68 79 74
63107 74 79 46
63606 75 47
64117 67 74
64466 67 51 70
64628 58 67 62 55
64698 43
65024 62
65488 67
65662 68 41
65976 53
66161 75 56 60
66556 75
67173 43 70
67509 55 74 43
67696 62 70 58 46
68206 70 58
68717 71 56
69055 51
69136 44
69229 77
69287 44
69577 77
69740 59 53 51 44
69926 65 75
70088 65
70262 79 55
70321 43
70599 77 43
70762 75 62 58 46 65
71088 55 74 62
71285 75
71622 72
71784 67 48
72145 55
72307 48 60 72 64 58
72574 55
72667 73
72819 60 72
73156 67
73330 41 53 63 57 65
73852 69 57 60 65
74363 53 69 72 60 63
74560 75
74711 79 68 72
74875 46
75375 46
75897 58 46
76408 58 62 67
76605 46
76734 58 46 70
76920 62 58 67 46 55
77269 46
77640 62
77768 67
77953 68 41
78290 48
78465 68 75 56
78802 68 63 75 56
79395 62
79441 65
79510 43 70
79824 50 74
79998 43 62 50 70 58 46 65
80358 50
80521 58
81032 63 44 71
81370 51
81532 40 44 68 59 77 71
81880 59 68 77 71 51
82054 59
82228 75
82356 77
82449 43
82577 79 70
82623 43
82892 68 43 77 50
83077 75 58 67
83413 50 74 65
83588 58 67 75
83646 46
83936 72
84133 48
84458 52
84622 46 58 72
84959 52
85122 58 72
85470 67
85632 65 41
85993 48
86155 48 69 51
86503 48
86668 51 72
86702 53
87016 74 79 68 72
87178 56 46
87387 74
88211 47 75
88711 67 74
89060 70 58
89234 74 62 67
89745 58 67 43 55 62
90256 68 41
90768 60 56 75
91117 75
91279 56 60 63
91360 44
91801 43 70
92138 74
92324 62 58 70
92824 46 65 62 58
92999 43
93150 43 62
93335 44 71
93846 71 68 77
94195 77 71 68
94369 63 59 65
94543 75
94695 65 77
94869 43 79
95125 43 77
95380 62 75
95728 74
95879 62 75 58 65
96042 46
96216 62 74
96390 72 48
96879 72 60
97238 73
97401 72 58 60
97738 67
97901 41 65
98388 63 60
98726 65
98911 60 63 57 69
99249 72 60
99411 79 68 75 72
99852 53
99922 46
100258 77 53 72 68 75
100421 47
100549 77
100922 67 46 65 51
101258 58 70 65
101409 46 58 62 67 65 55
101444 51
101920 62 46 67 65 58 51
101955 55
102431 68 41
102943 60 63 53 75 68 65 56 41
103280 63 65 56 75 68
103443 60 44 53 63 41 56 65
103953 70 43 65
104290 74
104463 55 46 70 65 62 58
104953 65 62 55 43 58 46
105463 44 71
105963 44 71 56 65 68 59
106300 77 56 44 65 71
106474 56 65 63 59 44
106626 75 56
106800 77 65
106962 43 79 55 70 74
107311 77 43 70
107485 62 75 65 58 43
107601 46
107810 74 70 58
107984 65 62 58 43 75
108321 67 70 72
108483 48
108996 60 64 55 48 58
109321 73
109495 60 64 72 48 58
109831 67
110006 53 41 65
110506 60 55 57 41 48 63
110843 65
111005 69
111343 72
111447 68
111494 72
111528 46 75
111934 53
112016 46
112363 75 77 68 72
112433 53
112528 47
112865 58
112957 62
113027 67
113363 58 46 70 67
113537 67 55 62 58 46
113607 43
113886 46
114060 67 55
114095 46
114397 67 46
114560 68 41 60 63
114885 48
115072 75 68 56 63
115420 75 56 68 48 63
115582 56
115745 48
116094 70 65 43
116430 74 50
116582 70 58 46 65
116942 50
117105 70 58
117453 50
117616 71 44 68
117963 51
118126 44 77 59
118441 44 77 68 71 59
118499 51
118627 59
118801 75
118975 77
119137 67 43
119474 50 65
119636 58 63 75
119997 74 50
120159 63 58
120229 46
120497 72 50
120672 67 64 48
120997 55
121171 60 72 58
121519 55
121681 58 72
122019 67
122204 60 63 57 65 41 53
122344 48
122519 48
122704 69 60 48 65 51 41
123042 53
123204 48 69 60 57 72 77 65 53
123308 45
123563 68
123610 72
123656 75
123715 79 46
124237 46
124541 63
124622 67
124679 71 47
124737 75
125236 55 67 74 70 48 63
125667 51
125759 48 55 58 53
126258 55 62 51 58 53
126410 43
126597 43
126771 51
127270 62 58
127386 43
127502 55
127793 55 62 58
127990 43
128129 43
128292 43 48
128804 55 58 53 51
129315 46 55 51 58 62 53
129373 43
129524 43
129651 72 43
129802 79 43 74 70 67 51
130325 58 62
130813 58 51 67 70 75 63
131150 43
131324 68 41 72 74 63
132172 67 60 63 56 41
132498 48
132672 48
132847 44 55 60 48 63
133346 56 67 63 60
133856 56 67 60 63
134019 44
134346 67 43 59 63
134856 63 55 59 43 67
135367 67 59 55 63
135425 43
135867 59 63 55 43
136052 67
136355 59 63 75 67 71 43
136703 77
136878 75 43
137377 44 67 75 72
137458 60
137887 60 44 79 67 51
138016 55
138236 77
138377 44 51 60
138725 44
138818 56
138887 68 44 65 71
139398 68 56 75 59 44 65 71 51
139642 53
139909 51 75 65 44 59 53
139968 47
140398 43 77 79 74 70
140909 55 77 74 43 70 58 50
141246 72
141420 58 50 53
141490 43
141756 46 74 77 70 65
141815 43
141873 48
142408 55 48 58 51 67 63
142652 75
142907 55 58 51 48
143255 58 51 48 63
143418 60 68 48 63 41
143918 68 56 72 48 63 51 41 58
144254 63 68 56 75 51 41
144743 41
144917 69 66 74 42 63
145417 51 57 62 42
145916 57 54 74 69 66 62 42
145997 51
146242 72
146416 70
146753 74 70 65
146903 58 62 43 53
147403 74 62 43 65 58 53 70
147913 51 67 70 75
148391 46 79 51 73 70
148646 58 77 68 73
148891 75 73 67
149390 60 67 72
149471 44
149900 72 68 60 56 44
150215 44 77 72 68
150401 55 44
150633 56
150702 68 72 75
150888 43 71 67
151376 43 67 71 59 65
151527 55
151875 71 55 43 59 75 65
152365 43 75 48 79 70
152852 70 48 58 75 63
152933 55
152968 43
153362 48 58 63 67 55 75 79
153699 75
153757 79
153873 48
153908 41
154351 48 75 57 67 63 59
154873 57 60 48 63 67
155384 44
155895 51 58 60
156396 75 72
156651 60
156906 79 60 75 72
157405 75 44 56 72
157928 72 48
158113 75
158428 79 74 71 68
159949 71 77 68 74
161285 77
162935 58 51 55 46 62
163434 62
163678 67
163806 70
163934 74
164423 56 63 48
164493 41
164933 63
165050 65
165177 68
165305 72
165433 75
165932 43 57 65 53 50
166270 43 65 58 53 50
166619 57 65 53 43 50
166955 43 53 58 65 50
166990 46
167292 67 63 51 44
167373 59
167628 75 67 63 51 59
167733 44
167860 55
167966 44 63 75 67 51
168303 44 75 59 67
168373 51
168501 55
168535 44
168988 62 53 58 50
169070 43
169499 77
169627 74
169720 70
169882 67
170010 65
170510 67 55 48 58 64
171370 53 56 65 41 60 63
171753 53
171857 44
172031 68 41 56 65 44 60
172752 72 63 48 68
173566 72 46 58 68
173600 55
174054 46
174576 47
175076 43 62 67 51 46
175842 70 67 75
176087 46
176609 55 74 71 43 67 65 47
176668 53
177062 65
177365 62 43 67 59 65 47
177410 53
178120 63 60 70 51 55 44 67 48
179502 58 43 67 63
179665 44 60 56 41 53 65 63
180165 60 51 56
180501 71
180676 51 70
181198 63 56 59
181685 41
181859 56 65 59
182058 44
182209 56 65
182313 44
182708 62 48 65
183475 67 74 55 63 48 70
183730 48
184243 68 70 77
184997 79 75 72
185763 77 74 53 41
186275 41
186531 79 72 60 75
186786 53 41
187285 79 75 48 60
187367 55
188123 43 70 65
188157 63
188459 62
188807 58 62 65
188866 43 55
188947 48
190062 56
190156 63
190213 66
190295 71
190342 63 75 66 78
190806 47
191073 66
191340 78 70
191851 68 77 70
191968 44
192630 78 47 63 66 75
192920 56
193245 68
193512 68 74 58 71
194617 67
195290 77 65
196882 67
197230 58 46 70
197416 62 58 67 55 46
198299 67
198474 68 41
198833 48
199007 75 56
199402 75
199785 68
200111 70 43
200483 74 50
200669 70 65 58
200750 46
201215 65 58 62 50 70
201772 44 68 71
202458 59 56 77 65 44
202969 59 71 68 65 77 56
203677 71 75 56
203876 65 77
204085 43 55 79
204468 77
204654 75 62 43 58 65
205013 74
205200 75 62 65 58
205234 46
205571 75 72
205757 48
206397 72 58 64 60 55 48
206792 73
206988 58 64 60
207024 72
207372 67 55
207638 41 65
208209 69 41 63 60 51
208812 72 63 57 69 60
209220 60 68 79 75 72
209417 46
209753 56
210080 60
210451 56 75
210486 63
210591 46
210869 70 58 77
211055 63
211252 68 60
211635 70
211717 60 46
212519 60 44
212670 75
212728 63
212844 56
213459 75
214378 56
215028 67
215365 51 70
215538 46 62 55 58 67
215866 67 55
216040 62 46 58
216527 68 48
216561 41
216887 48
217037 48 75 68 56 41 63
217386 48 68 75 56
217537 48 63 60
218026 67 70 55
218374 62 74
218536 67 70 62 58 43 65
218780 55
218874 58
219048 62 70 58 65
219129 43
219373 70
219535 44 71 75
220024 75 44 56 68 71 59 65
220373 68 75 71
220535 65 56 59
220698 75
220872 77 65
221034 79 43
221371 77 43
221545 62 75 53 58
221872 74 53
222034 62 58 75
222382 72
222533 43 48
223032 48 64 72 58 60
223369 73 55
223544 72 55 64 58 48
223730 60
223881 55 67
224021 41 53 65
224531 48 69 63 60 57 41
224868 53
225043 60 48 69 63 57 72
225437 68
225483 72
225519 75 46
225600 79
225856 53
226019 53 46
226530 68 46 77
227052 75 44 51 63 67
227551 44 65 56 60
228063 63 60 44 56
228574 44 48 72 60 62 56
229085 60 48 56 63
229607 60 48 56
229980 44
230120 60 65 56 44
231652 72 56 75 68 48
232663 75
233162 43 62 74 70 65
233663 55 63 58
234162 43 55 62 58
234685 58 60 55 46
235196 62 58 55 46
235673 55 58 46
236184 62 58 65 43
237706 79 67 43 55
238194 43 62 70 65
239053 75 65
239216 49 73 61 65 42
239728 63
240216 42 61 58
240610 44
240749 60 56 44
241249 58 44 61
241760 58
242272 58 61 63 49 42 56
243909 42
244107 65
244166 49
244200 68
244293 70
244444 73
244525 75
244642 77
244943 65
245129 73
245792 65 49 77 70
246071 73 42
246141 65
246407 72
246755 68
246791 49
246906 65
247057 73
247093 65
247382 72
247883 47
247987 51
248150 54 58 51
248243 61
248684 47
249450 42
249602 42 51 47
250659 51
251147 61
251809 58
252692 58
253319 61
253843 58
256224 61
256526 61
256770 58
