0 76
214 76
643 76
1071 72
1286 76
1715 79 43
2572 67 47
3430 67 43
3580 74
3730 74
3880 69
4180 74
4330 71
5080 74
5230 71
5380 72
5530 74
5831 67 48
5981 74
6131 74
6281 69
6581 74
6731 71
8232 67 43
8382 74
8532 74
8682 69
8982 74
9132 71
9882 74
10032 71
10182 72
10333 74
10633 67 48
10783 74
10933 74
11083 69
11383 74
11533 71
13034 74 47
13184 72
13334 74
13484 71
13784 74
13934 79
15435 74 45
15585 72
15735 74
15885 71
16185 74
16335 72
17836 74 47
17986 72
18136 74
18286 71
18586 74
18736 79
20237 50
20387 79
20687 79
21137 79
22638 48
24639 64
24889 64
25889 64
26139 64
26389 64
26514 64
26640 65 48
26890 65
27890 65
28140 65
28390 65
28515 65
28640 67 48
28890 67
29891 67
30141 67
30391 67
30516 67
30641 65 48
30891 65
31892 65
32142 65
32392 65
32517 65
32642 64 48
33392 64
33893 67
34143 69
34393 67
34643 60 49
36644 65 50
37394 65
37894 69
38144 71
38395 69
38645 63 51
40646 67 40 52
41396 67
41896 72
42146 74
42396 72
42646 79 51
43397 77
43897 72
44147 67
44397 65
44647 76 50
45398 72
45898 69
46148 65
46398 64
46648 63 49
48149 61
50650 48 60
50900 45 57
51150 48 60
51400 62
51463 50
51525 48 60
51775 40 52
52150 41 53
52401 42 54
52651 43 55
53151 43 55
53276 43 55
53526 43 55
54401 62
54652 64 52 55
54777 63
54902 64
55027 67
55152 52 55
55277 69
55402 67 52 55
55652 60
55902 52 55
56152 52 55
56402 55
56527 56
56652 57 53 57
56777 56
56903 57
57028 60
57153 53 57
57278 62
57403 60
57528 53 57
57653 57
57903 53 57
58403 57
58653 55 52 55
58778 52
58903 53
59028 67
59153 52 55
59404 55
59529 52 52 55
59654 53
59779 67
59904 52 55
60154 55 52 55
60467 67
60654 65 50 53
60904 67
61154 69 50 53
61279 67
61530 62 50 55
61905 50 55
62405 62 52 55
62655 64 52 55
62780 63
62905 64
63030 67
63155 52 55
63280 69
63405 67 52 55
63655 70
63906 52 55
64156 52 55
64406 68
64656 69 53 57
64781 68
64906 69
65031 72
65156 53 57
65281 74
65406 72
65531 54 57
65656 69
65906 54 57
66157 54 57
66407 69
66657 67 52 55
66782 66
66907 67
67032 55
67157 52 55
67407 67 52 55
67532 66
67657 67
67782 55
67907 52 55
68032 55
68157 62 65 52 55
68407 64
68658 52 60 48 55
69158 55
69283 57
69533 60
70408 62
70533 63
70658 64 52 55
70783 63
70909 64 52 55
71034 67
71284 69
71409 67
71534 52 55
71659 60
71909 52 55
72159 67
72409 55 65
72472 64
72534 56 62
72659 57 59
72722 57
72784 56 55
72847 53
72909 57 53 57
73034 60
73285 62
73410 60
73535 53 57
73660 57
73910 53 57
74160 65
74410 57 64
74473 62
74535 60
74660 55 57
74723 55
74785 52 53
74848 52 55
74910 53
75035 67 52 55
75410 52 55
75473 55
75536 53
75661 52 52 55
75786 55
76161 55
76474 67
76661 65 53 57
76911 67
77036 60
77099 55
77161 69
77286 67
77411 55 62
77536 62
77974 60
78037 59
78099 57
78162 55
78224 53
78287 50
78412 62 48 52
78662 64 52 55
78787 63
78912 64
79037 67 52 55
79287 69
79412 67 52 55
79662 70
79912 52 60
80163 62
80288 64
80413 68
80538 60
80663 69 53 57
80788 68
80913 69
81038 72
81163 53 57
81288 74
81413 72
81538 54 57
81663 69
81913 54 60
82163 63
82288 62
82413 69
82539 55 60
82664 67
82789 66
82914 67 52 55
83039 55
83414 67
83539 66 52 55
83664 67
83789 55
83914 52 55
84039 55
84164 65
84414 64 52 55
84664 60 52 55
85165 58
85290 59
85540 60
86165 64
86353 65
86415 67
86540 68
86665 77 65 69
87416 72 77 60 65
87666 76 79 64 67
88416 72 76 60 64
88666 77 65
89041 79 67
89480 76 64
89667 76 64
89854 77 65
89917 79 67
90042 68
90667 77 65 69
91417 77 65 68
91667 76 79 64 67
92418 78 66
92668 77 65
93043 76 64
93418 72 60
94669 77 65 69
94919 77 65 69
95169 77 65 68
95419 77 65 68
95669 76 79 64 67
95919 76 79 64 67
96169 75 78 63 66
96420 75 78 63 66
96670 74 77 62 65
97045 76 79 64 67
97420 72 76 60 64
98670 77 65 69
98921 77 65 69
99171 77 65 68
99421 77 65 68
99671 76 79 64 67
99921 76 79 64 67
100171 75 78 63 66
100421 75 78 63 66
100671 74 77 62 65
101047 72 76 60 64
101422 67 72 55 60
102672 72 60
102797 64 52
103047 70 58
103673 72 60
103798 64 52
104048 70 58
104673 69 57
104798 60 48
105048 63 51
105673 69 57
105799 60 48
106049 63 51
106674 72 60
106799 64 52
107049 70 58
107674 72 60
107799 64 52
108050 70 58
108675 65 69 53 57
108925 65 69 53 57
109175 65 69 53 57
109425 65 69 53 57
109675 65 68 53 56
110175 67 55
110238 65 53
110300 64 52
110363 62 50
110426 60 48
110488 58 46
110551 55 43
110676 72 60
110801 64 52
111051 70 58
111676 72 60
111801 64 52
112051 70 58
112677 69 57
112802 60 48
113052 63 51
113677 69 57
113802 60 48
114052 63 51
114677 72 60
114802 64 52
115053 70 58
115678 72 60
115803 64 52
116053 70 58
116678 72 76 79 52 60
117321 72 77 53 60
117750 72 76 79 52 60
118179 72 75 78 51 55
118393 72 76 79 52 60
118608 76 79 55 60
118822 79 60
119680 67
119894 72
120108 71 74 77 50 59
120751 71 76 79 52 59
121180 71 74 77 50 59
121609 70 73 76 49 55
121823 71 74 77 50 59
122038 74 79 55 59
122252 79 59
123110 67
123324 71
123538 69 72 76 48 57
124181 69 74 77 50 57
124610 69 72 76 48 57
125039 68 71 75 47 52
125253 69 72 76 48 57
125468 72 76 52 57
125682 76 57
126325 72 76 48 57
126540 74 78 50 59
126754 69 76 52 60
126968 78 54 62
127183 78 54 60
127397 78 54 62
127612 78 54 60
128040 74 78 50 57
128255 72 74 78 48 54
128469 69 72 74 45 50
128683 69 72 45 50
128898 69 47 52
129112 49 53
129327 50 54
130398 43
130613 50
130827 55
131042 57
131470 59
131899 62
132113 67 43
132328 50
132542 55
132757 74 79
133828 41
134043 48
134257 53
134472 57
134900 59
135329 62
135543 67 41
135758 48
135972 53
136187 74 79
136830 48
137259 43
137473 50
137687 55
137902 57
138330 59
138759 62
138974 67 43
139188 50
139402 55
139617 74 79
140689 41
140903 48
141117 53
141332 57
141760 59
142189 62
142404 67 41
142618 48
142832 53
143047 74 79
144333 46
144547 51
144762 57
145190 58
145619 62
145834 67
146048 46
146262 51
146477 74 79
147549 41
147763 48
147977 53
148192 57
148621 58
149049 62
149264 67 41
149478 48
149692 53
149907 74 79
150550 48
150979 43
151193 62 50
151407 67
151622 69
151836 71
152051 72
152265 71 55
152479 69 50
152694 67 41
152908 48
153122 62 53
153551 60
153980 67
154409 62
154623 46
154838 51
155052 55
155695 51
155909 55
156124 41
156338 48
156553 53
157196 60
157410 48
157624 60 53
157839 59 43
158053 62 50
158268 67 55
158911 57
159339 59 55
159554 43
159768 50
159983 55
160197 62
160626 67
161269 43
161483 62 50
161698 67
161912 69
162126 71
162341 72
162555 71 55
162769 69 50
162984 67 41
163198 48
163413 62 53
163841 60
164270 67
164699 62
164913 46
165128 51
165342 55
165771 55
165985 51
166200 55
166414 41
166628 48
167057 60 53
167486 60
167700 48
167915 60
168129 59 43
168343 62 50
168558 67
168772 55
169201 57
169415 50
169630 59
169844 43
170058 50
170273 55
170487 59
171559 48
171773 55
171988 60
172202 67
172417 76
172631 74
172845 72
173060 76
173274 74 47
173488 55
173703 59
173917 67
174346 55
174560 59
174989 45
175203 52
175418 57
175632 64
175847 74
176061 72
176275 71 52
176490 72
176704 71 43
176918 50
177133 55
177347 67
177990 50
178419 48
178633 55
178848 60
179062 67
179277 76
179491 74
179705 72
179920 76
180134 74 47
180348 55
180563 59
180777 67
181420 59
181849 46
182064 53
182278 58
182707 72
182921 74
183135 72 58
183350 71
183564 45
183779 57
183993 67
184422 64 50
184636 57
185279 43
185494 62 50
185708 67
185922 69
186137 71
186351 72
186565 71 55
186780 69
186994 67 41
187209 48
187423 62 53
187852 60
188066 48
188280 67 53
188709 62
188924 46
189138 51
189352 55
189996 46
190210 55
190424 41
190639 48
190853 53
191711 48
191925 60
192139 59 43
192354 62 50
192568 67 55
193211 57
193426 55
193640 59
193854 43
194283 50
194497 62
195569 43
195784 62 50
195998 67
196212 69
196427 71
196641 72
196856 71 55
197070 69 50
197284 67 41
197499 48
197713 62 53
198142 60
198356 48
198571 67
198999 62
199214 46
199428 51
199643 55
200071 60
200286 51
200500 55
200714 41
200929 48
201143 53
201786 60
202001 48
202215 60
202429 59 43
202644 62 50
202858 67 55
203501 57
203716 55
203930 59
204144 43
204359 50
204573 55
205216 59 67
205859 41
206074 48
206288 53
206503 57 65
206931 57 65
207146 57 65
207360 57 65
207574 41
207789 57 65
208003 57 65
208218 57 65
208432 48
208646 57 65
208861 57 65 53
209075 57 65
209504 46
209718 51
209933 58 67
210361 58 67
210576 51
210790 58 67
211219 58 67
211433 58
211648 58 67
211755 51
211862 58 67
212076 58 67
212291 58 67
212505 58 67
212934 45
213148 50
213363 60 67
213791 60 67
214006 50
214220 60 67
214649 60 69
214863 50
215078 60 69
215506 60 69 50
215935 50
216150 45 50
216525 53
216900 45 57
217275 44 56
218401 57 62
219151 74 62
219312 72 60
219472 67 55
219580 62 50
219740 60 48
219901 55 43
220008 50 45 50
222581 57 62 45 50
224296 59 64
226011 60 65
227726 62 67
229441 57 62 45 50
231156 59 64
232871 60 65
234586 62 67
236301 62 50 57 62
236730 50 57 62
237373 57 50 57 62
237587 62 50 57 62
237695 50 57 62
237802 72 50 57 62
237909 50 57 62
238016 71 52 59 64
238231 67
238445 62 52 59 64
239088 52 59 64
239302 52 59 64
239410 52 59 64
239517 52 59 64
239624 52 59 64
239731 62 53 60 65
240160 53 60 65
240374 60
240803 62 53 60 65
241017 67 53 60 65
241125 53 60 65
241232 65 53 60 65
241339 53 60 65
241446 67 55 62 67
241875 55 62 67
242518 55 62 67
242732 55 62 67
242840 55 62 67
242947 55 62 67
243054 55 62 67
243161 62 50 57 62
243590 50 57 62
244233 57 50 57 62
244448 62 50 57 62
244555 50 57 62
244662 72 50 57 62
244769 50 57 62
244876 71 52 59 64
245091 67
245305 62 52 59 64
245948 57 52 59 64
246163 62 52 59 64
246270 52 59 64
246377 74 52 59 64
246484 52 59 64
246591 72 53 60 65
247020 71 53 60 65
247663 53 60 65
247878 53 60 65
247985 53 60 65
248092 69 53 60 65
248199 53 60 65
248306 67 71 55 62 67
248735 55 62 67
249378 55 62 67
249593 55 62 67
249700 55 62 67
249807 55 62 67
249914 55 62 67
250021 63 65 53 60 65
250450 53 60 65
251093 60 53 60 65
251308 65 53 60 65
251415 53 60 65
251522 75 53 60 65
251629 53 60 65
251736 74 55 62 67
251951 70
252165 65 55 62 67
252808 55 62 67
253023 55 62 67
253130 55 62 67
253237 55 62 67
253344 63 55 62 67
253451 56 63 68
253666 65
253880 56 63 68
254523 56 63 68
254738 56 63 68
254845 56 63 68
254952 68 56 63 68
255059 56 63 68
255166 65 58 65 70
255595 58 65 70
256238 58 65 70
256453 58 65 70
256560 58 65 70
256667 58 65 70
256774 58 65 70
256881 62 50 57 62
257310 50 57 62
257953 57 50 57 62
258168 62 50 57 62
258275 50 57 62
258382 72 50 57 62
258489 50 57 62
258596 71 52 59 64
258811 67
259025 62 52 59 64
259668 52 59 64
259883 52 59 64
259990 52 59 64
260097 52 59 64
260204 52 59 64
260311 63 67 53 60 65
260740 53 60 65
261383 53 60 65
261598 53 60 65
261705 53 60 65
261812 53 60 65
261919 53 60 65
262027 65 67 55 62 67
262455 55 62 67
263098 55 62 67
263313 55 62 67
263420 55 62 67
263527 55 62 67
263634 55 62 67
263742 68 72
264599 79
265457 77
265885 71 74
267172 68 72
268029 79
268887 77
269315 74
270602 72
271459 67 79
272317 67 77
273174 67 74
274032 68 75
276604 72
277462 74
280892 68 75
283464 75
284322 67 74
286037 79
287109 67
287162 65
287216 64
287270 62
287323 67
287377 65
287430 64
287484 62
287537 67
287591 65
287645 64
288252 45
288502 44
290253 43
290503 41
292254 45
292504 44
293004 43
293504 41
295755 74
296256 45
296506 73 44
297756 72 79
298256 43
298506 69 77 41
299757 74
300257 45
300507 73 44
301008 72 79 43
301508 69 77 41
302008 69 74
303759 74
304259 45
304509 73 44
305760 72 79
306260 43
306510 69 77 41
307760 74
308261 45
308511 73 44
309011 72 79 43
309511 69 77 41
310011 69 74
311762 69 74
312513 69 73
313763 69 72
314513 68 71
315764 69 74
316514 69 73
317765 69 72
318515 68 71
319766 69 74
320516 69 73
321016 40
321766 69 74
322517 68 73
323767 69 74
324518 69 73
325768 69 72
326519 68 71
335773 48
336630 46
337059 43
337488 48
338345 46
338774 43
339203 48
340060 46
340489 43
340918 48
341775 46
342204 43
342418 72
342633 48
342847 72
343061 69
343276 69
343490 70 46
343704 70
343919 43
344348 48
345205 46
345634 43
346063 48
346920 46
347349 43
347563 72
347778 48
347992 72
348206 69
348421 69
348635 70 46
348850 70
349064 43
349493 48
350350 46
350779 43
350993 65
351208 48
351422 65
351636 62
351851 62
352065 63 46
352280 63
352494 43
352923 48
353780 46
354209 43
354423 65
354638 48
354852 65
355067 62
355281 62
355495 63 46
355710 63
355924 43
356353 48
357210 46
357639 43
358068 48
358925 46
359354 43
359783 60 48
359997 72
360212 57
360426 69
360640 58 46
360855 70
361069 43
361498 48
362355 46
362784 43
363213 60 48
363427 72
363642 57
363856 69
364070 58 46
364285 70
364499 43
364928 48
365785 46
366214 43
366643 53 41
366857 65
367072 50
367286 62
367500 51
367715 63
367929 43
368358 48
369215 46
369644 43
370073 53 41
370287 65
370502 50
370716 62
370931 51
371145 63
371359 43
371788 48
372646 46
373074 43
373181 63
373289 62
373396 61
373503 60 48
373932 63
374361 62 46
374789 56 43
375218 55 41
375647 61
376076 60
376236 66
376397 65
376504 64 43
376665 71
376826 70
376933 69 48
377255 63
377469 59
377791 58 46
378112 57
378219 43
378434 56
378648 48
379506 46
379934 43
380363 60 48
380578 72
380792 57
381006 69
381221 58 46
381435 70
381649 43
382078 48
382936 46
383364 43
383793 60 48
384008 72
384222 57
384436 69
384651 58 46
384865 70
385079 43
385508 48
386366 46
386794 43
387223 53 41
387438 65
387652 50
387866 62
388081 51
388295 63
388509 43
388938 48
389796 46
390225 43
390653 53 41
390868 65
391082 50
391296 62
391511 51
391725 63
391940 43
392368 48
393226 46
393655 43
393762 63
393869 62
393976 61
394083 60 48
394512 63
394941 62 46
395370 56 43
395798 55 41
396227 61
396656 60
396817 66
396977 65
397085 64 43
397245 71
397406 70
397513 69 48
397835 63
398049 59
398371 58 46
398692 57
398800 43
399014 56
399228 48
400086 46
400515 43
400943 72 76 79 52 60
401587 72 77 53 60
402015 72 76 79 52 60
402444 72 75 78 51 55
402658 72 76 79 52 60
402873 76 79 55 60
403087 79 60
403945 67
404159 72
404373 71 74 77 50 59
405017 71 76 79 52 59
405445 71 74 77 50 59
405874 70 73 76 49 55
406088 71 74 77 50 59
406303 74 79 55 59
406517 79 59
407375 67
407589 71
407804 69 72 76 48 57
408447 69 74 77 50 57
408875 69 72 76 48 57
409304 68 71 75 47 52
409519 69 72 76 48 57
409733 72 76 52 57
409947 76 57
410590 72 76 48 57
410805 74 78 50 59
411019 69 76 52 60
411234 78 54 62
411448 78 54 60
411662 78 54 62
411877 78 54 60
412305 74 78 50 57
412520 72 74 78 48 54
412734 69 72 74 45 50
412949 69 72 45 50
413163 69 47 52
413377 49 53
413592 50 54
414664 69 74 76
415034 57
415405 69 74 76
415775 57
416146 69 74 76
416516 73 57
416702 57
416887 71 59
417072 59
417257 70 60
417443 60
417628 69 57
417813 50 54 57
417998 50
418184 50 54 57
418369 71 50 54 57
418739 69 50
418925 57
419110 62 57
419295 50 54 57
419481 50
419666 50 54 57
419851 50 54 57
420222 50 54 57
420407 48
420592 59 43
420777 50 55 59
420963 59
421055 50 55 59
421333 64 43 50 55 59
421611 50 55 59
421704 62
421889 50 55 59
422074 59 44
422259 52 56 59
422630 52 56 59
422815 44 52 56 59
423186 52 56 59
423556 57 45
423742 50 54 57
424112 57 50 54 57
424297 45
424483 50 54 57
424668 69 45
424853 50 54 57
425038 45
425224 57 50 54 57
425594 50 54 57
425780 57 45
425965 50 54 57
426150 69 45
426335 50 54 57
426521 57 45
426706 50 54 57
427076 50 54 57
427262 45
427447 50 54 57
427632 69 45
427817 50 54 57
428003 64 52
428188 49 52 57
428373 45
428558 49 52 57
428744 49 52 57
429114 49 52 57
429300 49 52 57
429485 66 54 57
429577 50
429670 54
429763 50
429855 50 57
430041 50 54 57
430226 71 57
430411 50 54 57
430596 69 50
430782 50 54 57
430967 72 54 57
431060 50
431152 54
431245 50
431337 50 57
431523 50 54 57
431708 57
431893 50 54 57
432079 50
432264 50 54 57
432449 71 56 59
432542 52
432634 56
432727 52
432820 71 52 59
433005 52 56 59
433190 76 59
433375 52 56 59
433561 74 52
433746 52 56 59
433931 71 56 62
434024 52
434116 56
434209 52
434302 52 62
434487 52 56 62
434672 62
434857 52 56 62
435043 52
435228 52 56 62
435413 69 50 54 57
435784 50 54 57
435969 69
436154 53
436340 50 53 57
436525 57 53
436710 50 53 57
436895 52
437081 69 50 57 59
437266 52
437451 50 57 59
437636 57 51
437822 52 57 59
438007 64 51
438378 62 50 54 57
438748 50 54 57
439119 47
439304 50 54 57
439489 47
439674 50 54 57
439860 46
440045 50 53 57
440230 46
440415 50 53 57
440601 51
440786 50 53 57
440971 51
441342 69 57
441527 50 54 57
441712 50
441898 50 54 57
442083 71 50 54 57
442453 69 50
442639 57
442824 62 57
443009 50 54 57
443194 50
443380 50 54 57
443565 50 54 57
443935 50 54 57
444121 48
444306 59 43
444491 50 55 59
444677 59
444769 50 55 59
445047 64 43 50 55 59
445325 50 55 59
445418 62
445603 50 55 59
445788 59 44
445973 52 56 59
446344 52 56 59
446529 44 52 56 59
446900 52 56 59
447270 57 45
447456 50 54 57
447826 57 50 54 57
448011 45
448197 50 54 57
448382 69 45
448567 50 54 57
448752 45
448938 57 50 54 57
449308 50 54 57
449493 57 45
449679 50 54 57
449864 69 45
450049 50 54 57
450234 57 45
450420 50 54 57
450790 50 54 57
450976 45
451161 50 54 57
451346 69 45
451531 50 54 57
451717 64 52
451902 49 52 57
452087 45
452272 49 52 57
452458 49 52 57
452828 49 52 57
453013 49 52 57
453199 66 54 57
453291 50
453384 54
453477 50
453569 50 57
453755 50 54 57
453940 71 57
454125 50 54 57
454310 69 50
454496 50 54 57
454681 72 54 57
454773 50
454866 54
454959 50
455051 50 57
455237 50 54 57
455422 57
455607 50 54 57
455792 50
455978 50 54 57
456163 71 56 59
456256 52
456348 56
456441 52
456534 71 52 59
456719 52 56 59
456904 76 59
457089 52 56 59
457275 74 52
457460 52 56 59
457645 71 56 62
457738 52
457830 56
457923 52
458016 52 62
458201 52 56 62
458386 62
458571 52 56 62
458757 52
458942 52 56 62
459127 69 50 54 57
459498 50 54 57
459683 69
459868 53
460054 50 53 57
460239 57 53
460424 50 53 57
460609 52
460795 69 50 57 59
460980 52
461165 50 57 59
461350 57 51
461536 52 57 59
461721 64 51
462091 62 50 54 57
462462 47 50 54 57
462647 49
462833 50
463018 50 54 57
463203 45
463388 50 54 57
463574 50
463759 74 50 54 57
463944 73 47
464129 74 49 50 54 57
464315 76 50
464500 78 50 54 57
464685 79 52
464870 54
465056 50 55 59
465334 50 55 59
465426 55
465611 50 55 59
465797 50 55 59
466167 55
466538 50 54 57
466816 50 54 57
466908 54
467094 50 54 57
467279 53
467464 50 53 56
467649 78 53
467742 50 53 56
468020 79 52
468298 45 49 55
468390 52
468576 45 49 55
468761 45 49 51 54
469132 51
469502 78 50
469687 45 50 54
469873 45
470058 45 50 54
470243 50
470428 45 50 54
470614 52
470799 45 50 54
470984 43 47 50 55
471355 55
471725 43 46 49 55
472096 43 46 49 55
472466 54
472652 42 45 50
472837 49
473022 51
473207 42 45 50 54
473578 42 45 50 54
473948 52
474134 43 47 50
474319 52
474504 43 47 50
474689 50
474875 43 47 50
475060 50
475245 43 46 50
475431 42 45 50
475801 45
476172 50
476357 42 45 50
476542 45
476635 42 45 50
476913 61 50
477005 62
477098 61 45 50 54
477191 62
477283 64 49
477376 62
477468 61 45 50 54
477561 62
477654 61 47
477746 62
477839 61 45 50 54
477932 62
478024 64 45
478117 62
478210 61 45 50 54
478302 62
478395 61 50
478487 62
478580 61 45 50 54
478673 62
478765 67 45
478858 62
478951 61 45 50 54
479043 62
479136 69 50
479228 62
479321 61 45 50 54
479414 62
479506 67 52
479599 62
479692 61 45 50 54
479784 62
479877 61 47 50 55
479970 62
480062 61
480155 62
480247 64 54
480340 62
480433 61 47 50 55
480525 62
480618 61 52
480711 62
480803 61 47 50 55
480896 62
480988 64 50
481081 62
481174 61 47 50 55
481266 62
481359 61 55
481452 62
481544 61 47 50 55
481637 62
481730 67 50
481822 62
481915 61 47 50 55
482007 62
482100 69 55
482193 62
482285 61 47 50 55
482378 62 55
482471 67 54
482563 62
482656 61 47 50 52 55
482749 62
482841 74 79 45 50 54
483119 45 50 54
483212 49
483397 45 50 54
483582 74 79 47
483767 45 50 54
483953 45
484138 45 50 54
484323 74 79 45 50 54
484694 78 45
484879 45 50 54
485064 76 50
485250 45 50 54
485435 75 52
485620 45 50 54
485805 67 72 74 47 50 55
486083 47 50 55
486176 50
486361 47 50 55
486546 67 72 74 55
486732 47 50 55
486917 50
487102 47 50 55
487287 67 72 74 55
487473 47 50 55
487658 50
487843 67 71 47 50 55
487936 67 72
488029 67 72 74 55
488214 47 50 55
488399 67 74 76 54
488584 47 50 55
488770 69 72 74 42 45 50
489140 45
489325 74
489511 69 78 50
489696 42 45 50
489881 45
489974 42 45 50
490252 42 45 50
490622 45
490808 42 45 50
490993 50
491178 42 45 50
491271 78
491363 74 52
491549 69 42 45 50 54
491734 71 47 50 55
492012 73
492104 74 50
492290 47 50 55
492382 76
492475 78 47 50 55
492568 77
492660 78
492753 79
492845 47 50 55
492938 79
493031 78
493123 76
493216 74 57
493309 73
493401 74 47 50 55
493587 73 52
493679 72
493772 73 47 50 55
493957 73 57
494050 72
494142 71 47 50 55
494235 70
494328 69 52
494420 68
494513 67 47 50 55
494605 64
494698 50
497099 69
497399 74
497699 77
498000 76
504902 50
506703 69
507003 74
507304 77
507604 76
513906 50
516307 69
516608 74
516908 77
517208 76
518708 50
518858 69
519009 74
519459 69
519609 74
519759 79
519909 77
520059 69
520209 74
520359 77
520509 76
520659 67
520809 73
520959 76
521109 74
521410 69
521560 74
521710 73 40 52
522010 67
522160 70
522310 69 41 53
522610 69
522760 74
522910 77
523060 69
523210 74
523360 77
523510 70 43
523661 67
523811 70
523961 73
524111 76
524261 70
524411 73
524561 76
524711 77 45
525311 77
525761 77
525912 76 43
526062 79
526362 79
526512 76
526812 79
526962 76
527112 74 41 53
527262 77
527562 77
527712 74
528012 77
528162 74
528313 73 40 52
528613 69 73 79 43
528913 74 77 46
529213 73 76 44
529513 69 73 79 45
530714 50
530864 74
531014 73
531164 74
531314 75
531464 74
531614 73
531764 68
531914 69
532064 77
532214 76
532364 77
532514 67 79
532664 77
532814 76
532965 73
533115 74
534165 52
534315 53
534465 50
534615 49
534765 50
534915 51
535065 50
535216 49
535366 44
535516 45 50
535816 50 53
536116 40 49 52
536416 67 52
536716 41 50 53
537016 70 53
537316 67 69 43
537617 73 52
537917 69 74 45
538067 69
538217 74
538667 69
538817 74
538967 79
539117 77
539267 69
539417 74
539567 77
539717 76
539868 67
540018 73
540168 76
540318 74
540618 69
540768 74
540918 73
541218 67
541368 70
541518 69
541818 69
541968 74
542118 77
542269 69
542419 74
542569 77
542719 76
542869 67
543019 70
543169 73
543319 76
543469 73
543619 76
543769 79
543919 77
544520 77
544970 77
545120 76
545270 79
545570 79
545720 76
546020 79
546170 76
546320 50
546470 69
546620 74
546770 69
546921 77
547071 69
547221 74
547371 69
547521 75 51
547671 67
547821 74 50
547971 69
548121 75 49
548271 69
548421 74 44
548571 69
548721 45
548871 67
549021 73
549172 67
549472 67
549622 73
549772 67
550072 67
550222 73
550372 67
550672 67
550822 73
550972 67
551122 44
551272 68
551422 71
551573 68
551723 74
551873 68
552023 71
552173 68
552323 45
552473 68
552623 71 44
552773 68
552923 73 43
553073 67
553223 70 49
553373 67
553523 50
553673 69
553824 74
553974 69
554124 77
554274 69
554424 74
554574 69
554874 69
555024 74
555174 69
555324 77
555474 74
555624 77
555924 74 50
556074 74
556225 77
556375 74
556675 74
556825 77
556975 74
557125 75 51
557275 74
557425 74 77 50
557725 73 49
557875 74
558025 68 77 44
558175 74
558325 69 40 45 52
558476 73
558626 76
558776 73
558926 79
559076 73
559226 76
559376 73
559526 69
559676 73
559826 76
559976 73
560126 79
560276 73
560426 76
560576 73
560726 68 71 41 44 53
560877 74
561027 77
561177 74
561477 74
561627 77
561777 74
561927 69 71 45
562077 74
562227 77 44
562377 74
562527 67 79 40 43 52
562677 70
562827 73 49
562977 70
563128 69 50 53
563278 74
563428 77
563578 74
563878 69
564028 74
564178 77
564328 74 77
564628 74 77
564928 74 77
565228 74 77
565679 57 62 65
565829 57 62 65
565979 57 62 65
566129 58 64
566279 58 64
566429 55 61
566579 55 61
566729 57 62
566879 57 62
567029 57 62 65
567179 57 62 65
567329 58 64
567479 58 64
567629 55 60
567780 55 60
568080 62 65 70
568230 62 65 70
568380 62 65 70
568530 62 65 74
568680 62 65 74
568830 62 65 70
568980 62 65 70
569130 67 76
569280 67 76
569430 67 73 79
569580 67 73 79
569730 67 70 79
569880 67 70 79
570030 67 70 76
570181 67 70 76
570331 50
570481 69
570631 74
571081 69
571231 74
571381 79
571531 77
571681 69
571831 74
571981 77
572131 76
572281 67
572432 73
572582 76
572732 74
573032 69
573182 74
573332 73 40 52
573632 67
573782 70
573932 69 41 53
574232 69
574382 74
574532 77
574682 69
574833 74
574983 77
575133 70 43
575283 67
575433 70
575583 73
575733 76
575883 70
576033 73
576183 76
576333 77 45
576933 77
577384 77
577534 76 43
577684 79
577984 79
578134 76
578434 79
578584 76
578734 74 41 53
578884 77
579184 77
579334 74
579635 77
579785 74
579935 73 40 52
580235 69 73 79 43
580535 74 77 46
580835 73 76 44
581135 69 72 79 45
582336 50
582486 74
582636 72
582786 74
582936 75
583086 74
583236 72
583386 68
583536 69
583686 77
583836 76
583986 77
584137 67 79
584287 77
584437 76
584587 73
584737 74
585787 52
585937 53
586087 50
586237 49
586388 50
586538 51
586688 50
586838 49
586988 44
587138 45 50
587438 50 53
587738 40 49 52
588038 67 52
588338 41 50 53
588638 70 53
588939 67 69 43
589239 73 52
589539 69 74 45
589689 69
589839 74
590289 69
590439 74
590589 79
590739 77
590889 69
591040 74
591190 77
591340 76
591490 67
591640 73
591790 76
591940 74
592090 65
592240 69
592390 74
592540 73
592840 67
592990 70
593140 69
593290 65
593441 69
593591 74
593741 77
593891 69
594041 74
594191 77
594341 76
594491 67
594641 70
594791 73
594941 76
595091 73
595241 76
595391 79
595541 77
596142 77
596592 77
596742 76
596892 79
597192 79
597342 76
597642 79
597792 76
597942 50
598093 69
598243 74
598393 69
598543 77
598693 69
598843 74
598993 69
599143 75 51
599293 67
599443 74 50
599593 69
599743 75 49
599893 69
600043 74 44
600193 69
600344 45
600494 67
600644 73
600794 67
601094 67
601244 73
601394 67
601694 67
601844 73
601994 67
602294 67
602444 73
602594 67
602745 44
602895 68
603045 71
603195 68
603345 74
603495 68
603645 71
603795 68
603945 45
604095 68
604245 71 44
604395 68
604545 73 43
604695 67
604845 70 49
604996 67
605146 50
605296 69
605446 74
605596 69
605746 77
605896 69
606046 74
606196 69
606496 69
606646 74
606796 69
606946 77
607096 74
607246 77
607547 74 50
607697 74
607847 77
607997 74
608297 74
608447 77
608597 74
608747 75 51
608897 74
609047 74 77 50
609347 73 49
609497 74
609647 68 77 44
609798 74
609948 69 40 45 52
610098 73
610248 76
610398 73
610548 79
610698 73
610848 76
610998 73
611148 69
611298 73
611448 76
611598 73
611748 79
611898 73
612049 76
612199 73
612349 68 71 41 44 53
612499 74
612649 77
612799 74
613099 74
613249 77
613399 74
613549 69 71 45
613699 74
613849 77 44
613999 74
614149 67 79 40 43 52
614299 70
614450 73 49
614600 70
614750 69 50 53
614900 74
615050 77
615200 74
615500 69
615650 74
615800 77
615950 74 77
616250 74 77
616550 74 77
616851 74 77
617301 57 62 65
617451 57 62 65
617601 57 62 65
617751 58 64
617901 58 64
618051 55 61
618201 55 61
618351 57 62
618501 57 62
618651 57 62 65
618801 57 62 65
618951 58 64
619102 58 64
619252 55 61
619402 55 61
619702 62 65 69
619852 62 65 69
620002 62 65 69
620152 62 65 74
620302 62 65 74
620452 62 65 69
620602 62 65 69
620752 67 76
620902 67 76
621052 67 73 79
621202 67 73 79
621353 67 70 79
621503 67 70 79
621653 67 70 76
621803 67 70 76
622853 62
623053 65
623253 66
623353 67
623553 57 60
623754 57 60
623954 57 60
624154 53 57
624254 57 60
624454 57 60
624654 53 57
624754 57 60
624854 53 57
624954 57 60
625154 55 59
625354 55 59
625554 55 59
625754 52 55
625854 55 59
626055 55 59
626255 52 55
626355 55 59
626455 52 55
626555 55 59
626755 57 60
626955 57 60
627155 57 60
627355 53 57
627455 57 60
627655 57 60
627855 53 57
627955 57 60
628055 53 57
628155 57 60
628356 55 59
628556 55 59
628756 55 59
628956 52 55
629056 55 59
629256 55 59
629456 52 55
629556 55 59
629656 52 55
629756 55 59
629956 57 60
631557 55 59 64
632921 64
633194 65
633399 67
633740 60 65 69 41
635104 69
635377 67
635581 65
635922 55 59 64
637287 64
637559 65
637764 67
638105 60 65 69 41
639197 43
639469 71
639742 72
639947 74
640288 55 59 64
641652 64
641925 65
642130 67
642471 60 65 69 41
643562 62 67 71 43
643835 62 67 71 43
644312 62 67 71 43
644653 64
645472 64
645745 65
646018 64
646291 65
646563 67
646836 64 40
647109 40
647382 40
647655 40
647928 60
648473 64
648746 67
649019 69 41
649292 41
649565 69 41
649837 69 41
650110 71 43
650383 43
650656 74 43
650929 72 43
651202 67
652975 40
653384 69 41
653657 41
653930 41
654203 69 41
654476 71 43
654749 43
655022 74 43
655294 72 43
655567 67 40
655840 40
656113 40
656386 40
656659 72
657204 60
657477 62
657750 65
658569 67
658910 65
659182 64
659387 62
659660 60
659933 67
661024 43
661297 43
661570 43
661843 43
662116 64
662934 64
663207 65
663480 64
663753 65
664025 67
664298 64 40
664571 40
664844 40
665117 40
665390 60
665935 64
666208 67
666481 69 41
666754 41
667027 69 41
667300 69 41
667572 71 43
667845 43
668118 74 43
668391 72 43
668664 67
670437 40
670847 69 41
671119 41
671392 41
671665 69 41
671938 71 43
672211 43
672484 74 43
672756 72 43
673029 67 40
673302 40
673575 40
673848 40
674121 72
674666 72
674939 74
675212 77
675758 76
676303 71 43
676576 43
676849 43
677122 72 43
677395 72
679578 72 45
680396 74 45
681215 76
681760 71 43
682579 67 43
683397 64
683943 69 41
684762 71 41
685580 72
686126 67 40
686944 40
688309 65
689127 67
689946 69
690491 67 40
691310 71
692128 72 40
692674 69 41
694311 72 41
694857 74 43
697040 72 76 48
697312 71 74 48
697585 72 76 48
697858 74 77 48
698131 76 79 47
698404 47
698677 72 76 47
698950 71 74 47
699222 71 74 45
699495 45
699768 45
700041 67 72 45
700314 67 72 43
700587 43
700859 72 76 43
701132 76 79 43
701405 77 41
701678 76 79 41
701951 77 41
702224 77 41
702496 76 40
702769 40
703042 76 79 40
703315 74 77 40
703588 72 76
704134 72 76
704406 74 77
704679 71 74 43
704952 43
705225 43
705498 43
705771 72 76 48
706043 71 74 48
706316 72 76 48
706589 74 77 48
706862 76 79 47
707135 47
707408 72 76 47
707681 71 74 47
707953 71 74 45
708226 45
708499 45
708772 67 72 45
709045 67 72 43
709318 43
709590 72 76 43
709863 76 79 43
710136 77 41
710409 76 79 41
710682 77 41
710955 77 41
711228 76 40
711500 40
711773 76 79 40
712046 74 77 40
712319 72 77
712592 72 76
712865 71 74
713137 67 72
713410 74 79 43
713683 43
713956 62 67 43
714229 43
714502 76
715320 76
715593 77
715866 76
716139 77
716412 79
716684 76 40
716957 40
717230 40
717503 40
717776 72
718321 76
718594 79
718867 41
719140 41
719413 41
719686 41
719959 43
720231 43
720504 43
720777 43
721050 79
722823 40
723233 41
723506 41
723778 41
724051 41
724324 43
724597 43
724870 43
725143 43
725415 79 40
725688 40
725961 40
726234 40
727052 72
727325 74
727598 77
728417 79
728758 77
729031 76
729235 74
729508 72
729781 79
730872 43
731145 43
731418 43
731691 43
731964 64
732782 64
733055 65
733328 64
733601 65
733874 67
734146 64 40
734419 40
734692 40
734965 40
735238 60
735784 64
736056 67
736329 69 41
736602 41
736875 69 41
737148 69 41
737421 71 43
737693 43
737966 74 43
738239 72 43
738512 67
740285 40
740695 69 41
740968 41
741240 41
741513 69 41
741786 71 43
742059 43
742332 74 43
742605 72 43
742877 67 40
743150 40
743423 40
743696 40
743969 72
744515 72
744787 74
745060 77
745606 76
746152 71 43
746424 43
746697 43
746970 72 43
747243 72
749426 72 45
750244 74 45
751063 76
751608 71 43
752427 67 43
753246 64
753791 69 41
754610 71 41
755428 72
755974 67 40
756793 40
758157 65
758975 67
759794 69
760340 67 40
761158 71
761977 72 40
762522 69 41
764159 72 41
764705 74 43
766888 72 76 48
767161 71 74 48
767433 72 76 48
767706 74 77 48
767979 76 79 47
768252 47
768525 72 76 47
768798 71 74 47
769071 71 74 45
769343 45
769616 45
769889 67 72 45
770162 67 72 43
770435 43
770708 72 76 43
770980 76 79 43
771253 77 41
771526 76 79 41
771799 77 41
772072 77 41
772345 76 40
772618 40
772890 76 79 40
773163 74 77 40
773436 72 76
773982 72 76
774255 74 77
774527 71 74 43
774800 43
775073 43
775346 43
775619 72 76 48
775892 71 74 48
776165 72 76 48
776437 74 77 48
776710 76 79 47
776983 47
777256 72 76 47
777529 71 74 47
777802 71 74 45
778074 45
778347 45
778620 67 72 45
778893 67 72 43
779166 43
779439 72 76 43
779711 76 79 43
779984 77 41
780257 76 79 41
780530 77 41
780803 77 41
781076 76 40
781349 40
781621 76 79 40
781894 74 77 40
782167 72 77
782440 72 76
782713 71 74
782986 67 72
783258 74 79 43
783531 43
783804 62 67 43
784077 43
784350 73 77 49
784623 72 75 49
784896 73 77 49
785168 75 78 49
785441 77 48
785714 48
785987 73 77 48
786260 72 75 48
786533 72 75 46
786805 46
787078 46
787351 68 73 46
787624 68 73 44
787897 44
788170 73 77 44
788443 77 44
788715 78 42
788988 77 42
789261 78 42
789534 78 42
789807 77 41
790080 41
790352 77 41
790625 75 78 41
790898 73 77
791444 73 77
791717 75 78
791989 72 75 44
792262 44
792535 44
792808 44
793081 73 77 49
793354 72 75 49
793627 73 77 49
793899 75 78 49
794172 77 48
794445 48
794718 73 77 48
794991 72 75 48
795264 72 75 46
795536 46
795809 46
796082 68 73 46
796355 68 73 44
796628 44
796901 73 77 44
797174 77 44
797446 78 42
797719 77 42
797992 78 42
798265 78 42
798538 77 41
798811 41
799083 77 41
799356 75 78 41
799629 73 78
799902 73 77
800175 72 75
800448 68 73
800721 75 44
800993 44
801266 68 72 44
801539 44
801812 56 60 65
803176 65
803449 66
803654 68
803995 61 66 70 42
805359 70
805632 68
805836 66
806177 56 60 65
807542 65
807814 66
808019 68
808360 61 66 70 42
809724 70
809997 68
810202 66
810543 56 60 65
811907 65
812180 66
812385 68
812726 61 66 70 42
813817 66 69 73
815181 68
815249 65 73
