0 64 52
267 71
302 59
569 52
813 71 59 52
1114 52 64
1359 71 59
1649 52 64
1906 64 71 59
2173 64 52
2451 71 64 59
2730 64 52
2974 71 59
3276 67 55
3554 74 62
3800 62 67 55
4078 74 62
4368 67 55 62
4601 79 67 74 55 62
4890 67 74 62 55
5088 79
5169 74 62
5436 79 67 62 55
5705 74 67 62
5994 79 74 62 67 55
6262 74 62
6540 76 52
6819 71 59
6865 64
7075 64 52
7364 71 64 52 59
7620 64 52
7877 71 59
8167 72 60
8445 64 52
8689 79 72 60
8980 71 59
9258 52
9502 71 59
9817 67 55
10084 74 62
10339 67 62 55
10594 79 76 64
10885 79 67 55
11140 76 64
11431 76 64 67 62
11687 64 62 55 67
11955 62
12222 62 60
12477 67 62 55
12512 48
12744 72 60 79 67 55
13011 40
13045 47
13278 40 52
13440 47
13849 52
13930 40
14092 40
14382 40
14650 43
14847 42
15009 47
15160 47
15427 52
15532 40
15765 40
16206 52 48
16497 52
16776 52
17042 48 52
17333 52
17611 55 48
17856 54 47
18135 54
18390 54
18657 54 47
18936 54
19191 47 73
19470 40 52
19563 47
20284 52
20331 40
20586 40
21097 43
21236 42
21364 47
21598 47
21853 40 52
22108 40
22375 40
22677 48 52
23107 48
23211 55 52
23489 55 48 52
24025 48 52
24304 47 54
24582 47
24838 54
25128 54 47
25407 54 47
25652 54 47
25918 43
26256 47
26313 42
26731 43
27103 42
27301 40 47
27475 43
27742 47
27801 42
28044 47
28428 47
28532 42
28787 47
28985 52 48
29263 52
29787 52 48
30356 48
30635 54
30669 47
31192 54
31436 47 59 54
31716 47
31972 54 47
32238 52 40
32319 47
32529 52 40
32656 47
33075 52
33353 40
33598 40
33877 43
34028 49
34098 42
34283 42
34399 40 47
34655 52
34793 40
34910 47
35026 40
35467 52 48
35748 55 52
36269 48 52
36560 48
36838 52
37129 54
37187 47
37407 54
37629 54
37908 47 54
38210 54
38454 47
38779 64 59 40
38837 47
39628 52 71 47
39766 40
39917 66
40197 47
40486 64
40754 71 76 47
41020 64
41288 71 47
41438 76 40
41556 64
41823 66 47
42136 50 62 67 79
42194 43
42438 50
42706 67 43
42984 74 50 69
43275 67
43508 74
43542 50
43670 43
43810 50 79 67
43891 43
44088 74 50
44367 67 43
44623 74 67 50
44912 69 67 43
45180 74 50
45472 47 59 64
45773 71
46040 64 40
46284 52
46330 71 47
46586 40 64
46864 71 47
47166 72
47434 52
47690 72 40
48004 71 47
48282 64
48537 71 47
48862 67
48932 43
49141 74 50
49397 67
49456 43
49677 69 76
49966 79 67
50036 43
50245 76 50
50548 74 43
50826 79 67
51105 74
51162 43
51383 72 50
51640 79 67
51675 43
51918 72 50 79 69
52255 64 40
52290 47
52568 47
52812 64
53114 47
53195 40
53369 64
53615 67 55
53661 47
53940 55
54207 54 59
54241 47
54474 40 52
54787 71
54834 47
55344 71 47
55636 43 59
55950 50 74
56193 50 59
56473 78 50
56728 59
57030 59 50 67
57297 79 59 43
57541 62 50
57681 60
57820 60
57866 43
58123 50 59
58435 74 43
58691 67 69 50
58992 64
59028 40
59062 47
59272 59 71 47
59540 40
59818 54 47
60062 40
60098 54 47
60364 71 47 59 54
60689 72 40 59 55
60991 64 47
61247 72 55 67
61561 54 47
61805 40 64
61956 54
62084 47
62118 54
62165 76
62409 67
62455 43
62687 50 69
62966 69 50
63280 76
63745 79
63838 76
64129 74
64430 79 67 50
64674 74 43 67
64964 72 79 50 69
65255 79 67
65314 43
65511 72 69 50
65859 71 59 64
65894 52
65953 40 47
66510 47
66695 52 47
66974 52 47
67230 40 52 47 59
67544 64 52 47
67928 52
68055 47
68183 40
68368 59 52 47
68404 40
68635 57 59 40
68670 47
68880 40 67 55 52
68914 47
69205 79 57 50
69262 43
69299 67
69484 43
69589 67 55
69682 50
69716 59 43
69752 67
70030 50 59 57
70123 43
70309 67 59 43
70541 59
70576 55 43
70866 62 67 79 55 50
71156 60
71389 60 50
71494 43
71680 59
71715 55 67
72214 50
72249 55
72307 43
72539 64 52 40
72585 47
72817 59 47
72945 52
73166 47
73341 52 47
73597 52 40
73864 64 52
73910 47
74154 57 52 47
74433 69 57
74537 52
74688 67 55
74758 47
74979 52 40
75060 47 55
75247 67 55
75479 52
75583 47
75781 59 67 50 43
76072 67
76303 50
76350 71
76408 43
76616 76
76652 67 69
76907 71 59 67 50
77162 72 50 60
77442 67 62 50
77477 43
77756 67
77965 50 72 60
78266 43 50 59 67 55
78545 67
78580 50
78638 43
78812 72 55 43 50
79126 40 71
79173 47
79383 47
79476 40
80033 71
80172 67
80555 76 64
80706 71 43 76
81182 40 47
81462 71
81613 71
81752 79 67
82135 76 64
82309 48 71 43
82588 67 48
83193 48
83402 48
83634 64 43 48
83925 71
84006 42
84191 47
84749 47
85062 47
85307 47
85586 71 40 47
85841 40
86410 47 71
86712 71
86991 71
87259 71
87433 71
87526 47
87631 42
87770 47
88037 71
88339 74
88606 71 74
88873 67 48
88908 43
89141 79 67 48
89710 48
90012 48
90244 67
90314 48
90534 47
90604 42
90790 47
90894 76 42
91034 66
91139 47
91326 47
91394 42
91604 47
91987 42
92150 67 79
92359 42
92416 40
92544 42
92777 47
92834 42
93090 42
93231 40
93347 42
93718 67
93845 42
93962 40
94102 42
94345 47
94612 42
94693 40
94728 72
94867 72
94960 40
95240 72 48
95276 43
95658 48
95739 72
96064 43 48
96332 72 48
96576 72 48
96668 43
96889 47 42
97332 42
97668 47
97703 42
97958 47
98190 64 47
98283 42
98481 40 71
98528 47
98713 79
98759 67 47
99272 40
99574 47
99817 76 64 47 40
100095 71 43
100339 67 79
100398 42
100584 47
100897 40
101188 40
101247 47
101432 64 76
101745 72 48
101792 43
102280 79 48
102350 43
102582 72
102675 43
102872 48
103093 66
103140 48 43
103407 47 42
104023 47
104383 42
104801 66 42 47
104940 64
105115 64
105162 47 40
105695 64
105998 71 47
106264 64
106555 47
106822 64
107113 47
107368 64 52
107670 47
107763 40
107938 40
108170 47 66 62
108286 40
108518 74 50 79 62 67
108588 43
108890 50
109124 67
109390 74 50
109657 43 79 67
109936 74 50
110214 79 67 43
110516 50
110783 67 43
111063 74 69 50
111365 43
111609 74 67 50
111945 47 40 59 64
112259 71 52 47
112527 64 40
112816 71 47
113085 40 64
113329 71
113399 47
113618 60 72
113654 79
113782 60
113839 40
113956 47
114072 79
114200 72
114502 59 47
114768 47 57 40
115013 67 55
115083 47
115327 69 62 50
115362 43
115617 74 69
115895 67
115977 43
116128 79
116163 76
116464 79 67
116720 76
117000 74 43
117279 67
117313 50
117557 74
117627 43
117813 67
117848 72 50
117963 43
118103 67 79
118150 43
118405 50 72
118695 64 40 47
118975 71
119080 47
119265 64
119300 40
119543 47
119834 40
120066 54
120101 47
120391 72
120426 67 55
120531 40
120716 64 47
120961 72 40
121240 71 55
121275 47 67
121542 40
121786 71 54 47
122100 67 43
122378 50
122645 79 67 43
122795 55
122960 78
123482 69 54 50
123807 57 43
124144 50
124376 67 55 50
124411 43
124689 78 50
124981 43
125225 50
125538 64 47 40
125863 47
126107 40 64
126201 59
126386 54
126420 47
126711 40
126933 54 59 47
127235 72 67 55
127269 40
127549 67 55
127583 47
127792 72
128082 54 47 59
128361 54 47
128419 40
128616 59 54
128686 47
128897 57 67
128955 43
128989 50
129186 67
129477 43
129732 76 50
130011 76 43 67
130289 76 50 73 54
130626 74 50
130719 43
130894 67
131174 74 43
131452 72 50
131718 67
131777 43
132009 69 72 50
132323 71 64 59 52
132427 47
132694 40
132752 52
133172 52 47
133519 47
133717 71 52 47 40
134054 52 47
134088 40
134344 59
134576 47
134856 47 52
135147 57 66 52 40 47
135390 79 67 55
135530 57
135668 43 50 57
135704 67 55
135819 43
136110 67 43 55
136203 59 50
136528 50 55
136819 50 43 55 67
137040 59 55 50 67
137354 62 79 67 50
137400 43
137679 60 62
137794 67
137911 59 50
138189 59 55 67
138480 43
138758 55 67
138794 50
139038 52 59 40
139085 47
139573 47
139607 64
139862 47
140130 52 47 40
140374 63 47 52
140443 40
140663 57 52
140780 47
140943 69 57
141187 55 67
141327 47
141478 52 47 57
141733 47 67 55
141780 40
141988 52 47
142024 57
142302 55 67 50 59 43
142569 67 79
142604 43
142803 50 71
143116 76 55 43 50
143406 73 67 59
143650 72 79 48
143755 60
143952 55 62 67 50 43
144451 50 67 60
144590 43
144741 50 67 43 59
145010 67 55
145079 43
145277 50 67 69 55 43
145590 47 40
145880 47
146495 71
146635 79 67
146985 76 64 79
147170 71
147286 42
147542 42
148064 71
148227 79 67
148599 76 64
148774 48 71
149029 79
149168 43
149552 48
149599 43
150062 48 64
150330 42
150364 71 47
150468 42
150655 47 76 64
151143 42 47
151468 47
151748 47 42
151967 40
152351 47
152735 47
152770 71
153060 71
153316 71
153583 43
153617 71
153757 42
153978 42
154093 47
154244 47
154384 71
154686 71
154942 71
155198 79
155244 43
155314 48
155465 67 48
155849 48
155987 69 48
156255 67 48
156533 67 48
156568 43
156790 66 47
156836 42
157057 47
157242 42
157463 47
157626 47 42
157928 47
158160 42 47
158427 67 79
158462 43
158601 42
159043 47
159264 43
159438 40 47
159542 42
159961 79 67 43
160124 43
160228 40
160320 42
160937 72
161088 44 72
161343 72
161483 72
161517 48 43
161715 48
161866 48
162005 48 72
162167 48
162295 67
162586 72 48
162831 72
162889 48
163144 42
163179 47
163516 47
163551 42
163968 47
164015 42
164224 47
164456 64 42
164537 47
164759 71 47 40
165038 79 67
165212 42
165573 40
165665 47
165874 40
166106 76 64
166641 47 42
166943 47
167222 40 47
167535 40
167733 40 76 64
168058 48 43 72
168616 48
168884 48 72
168941 43
169417 66
169510 48
169708 66 42
169789 47
170067 47
170567 42 47
170858 42
170916 47
171126 42 47
171415 64 40
171474 47
171729 52
172089 52
172159 67 55
172403 52
172530 54
172845 52
173112 52
173344 52
173460 71
173541 67
173600 54
173785 52
173994 55
174250 52
174517 52
174832 52
174959 71 67 55
175215 52
175342 54
175667 52
176028 52
176236 52
176353 67 71 55
176586 67 52
176690 54
176864 54
177051 43
177399 47 40
177863 42
178188 40
178432 43
178747 47
178909 47
179107 43
179281 47
179339 42
179455 40 47
179780 43
179931 42
180116 47
180222 40
180559 42
180803 47
181128 43
181267 42 47
181488 40 47
181802 43
182161 47
182848 52
183045 47
183184 43
183498 42 49
183881 47
184090 40 47
184287 47
184345 40
184532 43
184881 42
185032 42
185206 40
185240 47
185995 43
186228 42
186390 42
186658 47 40
186995 47
187413 43
187668 42
187854 42
188110 43
188365 47
188458 40
188773 43
189028 47 40
189364 43
189562 42
189713 47 40
190178 42
190282 40
190829 42
191084 47
191224 40
191409 43
191595 42
191665 40
191747 47
192072 43
192223 43
192897 42
193094 47
193477 71 47
193756 47
193790 40
194243 71
194477 71
194883 71
195045 71
195185 42
195302 47
195406 49
195476 42
195522 47
195801 71
196067 71
196429 71
196614 48 43
196939 71
197207 48
197474 48 43
198008 48 72
198333 47
198379 42
198578 47
198706 42
199112 47 42
199483 47
199797 42
199959 71
199994 47
200797 71
201099 71
201389 71
201667 71
201795 42
201947 71
202097 42
202190 71
202505 71
202772 74
203051 71
203317 43 48
203608 48 67
203782 48
204177 67 79
204269 43
204491 79 48
204747 79 67 48
204805 43
205049 42 47
205455 42
205884 42 47
206222 47
206443 47 42
206593 42
206722 79 67
206814 43
206965 40
207116 42
207244 40
207383 47
207662 42
207720 47
208010 42
208115 47
208289 79 67
208406 42
208534 40 76
208662 42
208755 40
208906 47
209103 43
209242 42
209301 71
209845 72 48
209939 43
210381 72
210997 72 48
211252 72 48
211542 42 66
211577 47
211937 47 42
212007 54
212380 47 42
212669 47
212902 47 64
213007 42
213215 40 47
213494 67 79
213680 40
214098 40
214599 76 64 52
214888 43
215144 79 67
215504 42
215713 40
216235 64
216550 72 48
216631 43
216956 48
217420 43
217479 48
217966 72 48
218257 71 47 42
218653 47 42
218931 47
219070 47 42
219384 47
219616 42 47
219756 42
219895 71 43
220243 42
220314 47
220442 40
220802 42
220964 40
221197 40
221406 43
221603 42
221882 40
222114 43
222266 42
222393 47
222486 42
222800 43
222939 42
223160 47
223311 40
223474 43
223625 42
223740 47
223833 40
223973 47
224217 43
224380 42
224438 47 40
224682 40 47
224926 43
225065 42
225239 42
225286 47 40
225645 64 40
225715 47
226355 67 43
226704 54 42
227110 47
227237 40
227331 47
227783 67
227818 43
228143 42
228492 47 52 40
228853 52 47
229225 43
229584 66 42
229933 40 52
230189 40 52
230618 67
230654 43
231025 63 42
232280 42
234534 47
