0 40 43 46 50
380 43
427 46
474 50
521 52 40
879 46
924 50
968 52
1012 55 43
1337 50
1379 52
1421 55
1463 58 46
1766 52
1805 55
1843 58
1881 62 50
2166 55
2202 58
2238 62
2274 64 52
2857 46 74
3039 50 70
3222 67 57
3411 79
3600 74
3781 70
3963 67
4155 78
4348 50 74
4530 57 70
4713 67 55
4904 60 79
5094 57 74
5280 55 70
5465 50 67
5662 79
5877 45 72
6059 48 69
6242 65 53
6431 77
6620 72
6801 69
6983 65
7175 76
7368 45 72
7550 55 69
7733 65 53
7924 60 77
8114 55 72
8300 53 69
8485 48 65
8682 77
8897 43 70
9079 46 67
9262 64 53
9452 76
9641 70
9821 67
10003 64
10195 75
10388 43 70
10570 53 67
10753 64 52
10944 55 76
11134 52 70
11320 48 67
11505 46 64
11702 76
11917 41 69
12099 45 65
12282 62 52
12472 74
12661 69
12842 65
13023 62
13215 73
13408 41 69
13589 52 65
13770 62 50
13959 55 74
14147 53 69
14329 60 65
14510 62 57
14918 46 74
15100 50 70
15283 67 57
15472 79
15661 74
15842 70
16024 67
16216 78
16409 50 74
16591 57 70
16774 67 55
16964 62 79
17155 57 74
17340 55 70
17526 50 67
17938 45 75
18120 48 72
18303 66 60
18681 75
18862 72
19044 66
19429 50 75
19610 72 60
19791 66 57
19980 63
20168 62 75
20350 72 60
20531 66 57
20939 43 74
21121 50 70
21303 67 58
21682 74
21863 70
22045 67
22429 43 74
22610 70 58
22792 67 57
22980 60
23169 58 74
23350 55 70
23532 67 50
23939 48 70
24122 67 55
24304 64 58
24494 79
24683 70
24864 67
25046 64
25237 77
25430 48 70
25611 58 67
25793 64 55
25981 76 64
26169 62 70
26351 67 67
26533 64 64
26940 46 74
27122 50 70
27305 67 57
27495 79
27684 74
27865 70
28046 67
28238 78
28431 50 74
28613 57 70
28796 67 55
28987 60 79
29178 57 74
29363 55 70
29548 50 67
29745 79
29960 45 72
30143 48 69
30325 65 53
30515 77
30704 72
30885 69
31066 65
31258 76
31451 45 72
31633 55 69
31816 65 53
32007 60 77
32198 55 72
32383 53 69
32568 48 65
32766 77
32980 43 70
33163 46 67
33345 64 53
33535 76
33724 70
33905 67
34086 64
34278 75
34471 43 70
34653 53 67
34836 64 52
35027 55 76
35218 52 70
35403 48 67
35588 46 64
35786 76
36000 41 69
36183 45 65
36365 62 52
36555 74
36744 69
36925 65
37106 62
37298 73
37491 41 69
37672 52 65
37854 62 50
38042 55 74
38230 53 69
38412 60 65
38594 62 57
39001 46 74
39183 50 70
39366 67 57
39556 79
39745 74
39926 70
40107 67
40299 78
40492 50 74
40674 57 70
40857 67 55
41048 62 79
41238 57 74
41424 55 70
41609 50 67
42021 45 75
42203 48 72
42386 66 60
42765 75
42946 72
43127 66
43512 50 75
43693 72 60
43875 66 57
44063 63
44251 62 75
44433 72 60
44614 66 57
45022 43 74
45204 50 70
45387 67 58
45765 74
45946 70
46128 67
46513 43 74
46694 70 58
46875 67 57
47064 60
47252 58 74
47434 55 70
47615 67 50
48023 48 70
48205 67 55
48387 64 58
48577 79
48766 70
48947 67
49129 64
49321 77
49513 48 70
49694 58 67
49876 64 55
50064 76 64
50253 62 70
50434 67 67
50616 64 64
