0 76
125 72
250 69
375 64
500 60
625 57
750 52
875 57
1000 60
1125 64
1250 69
1375 72
1500 67
1625 64
1750 60
1875 55
2000 52
2125 48
2250 43
2375 48
2500 52
2625 55
2750 60
2875 64
3000 69
3125 66
3250 62
3375 57
3500 54
3625 50
3750 45
3875 50
4000 54
4125 57
4250 62
4375 66
4500 72
4625 69
4750 65
4875 60
5000 57
5125 53
5250 48
5375 53
5500 57
5625 60
5750 65
5875 69
6000 76
6125 72
6250 69
6375 64
6500 60
6625 57
6750 52
6875 57
7000 60
7125 64
7250 69
7375 72
7500 71
7625 68
7750 64
7875 59
8000 56
8125 52
8250 47
8375 52
8500 56
8625 59
8750 64
8875 68
9000 76
9125 72
9250 69
9375 64
9500 60
9625 57
9750 52
9875 57
10000 60
10125 64
10250 69
10375 72
10500 71
10625 68
10750 64
10875 59
11000 56
11125 52
11250 47
11375 52
11500 56
11625 59
11750 64
11875 68
12000 76
12125 72
12250 69
12375 64
12500 60
12625 57
12750 52
12875 57
13000 60
13125 64
13250 69
13375 72
13500 67
13625 64
13750 60
13875 55
14000 52
14125 48
14250 43
14375 48
14500 52
14625 55
14750 60
14875 64
15000 69
15125 66
15250 62
15375 57
15500 54
15625 50
15750 45
15875 50
16000 54
16125 57
16250 62
16375 66
16500 72
16625 69
16750 65
16875 60
17000 57
17125 53
17250 48
17375 53
17500 57
17625 60
17750 65
17875 69
18000 76
18125 72
18250 69
18375 64
18500 60
18625 57
18750 52
18875 57
19000 60
19125 64
19250 69
19375 72
19500 67
19625 64
19750 60
19875 55
20000 52
20125 48
20250 43
20375 48
20500 52
20625 55
20750 60
20875 64
21000 71
21125 68
21250 64
21375 59
21500 56
21625 52
21750 47
21875 52
22000 56
22125 59
22250 64
22375 68
22500 71
22625 68
22750 64
22875 59
23000 56
23125 52
23250 47
23375 52
23500 56
23625 59
23750 64
23875 68
24000 76
24125 72
24250 69
24375 64
24500 60
24625 57
24750 52
24875 57
25000 60
25125 64
25250 69
25375 72
25500 67
25625 64
25750 60
25875 55
26000 52
26125 48
26250 43
26375 48
26500 52
26625 55
26750 60
26875 64
27000 69
27125 66
27250 62
27375 57
27500 54
27625 50
27750 45
27875 50
28000 54
28125 57
28250 62
28375 66
28500 72
28625 69
28750 65
28875 60
29000 57
29125 53
29250 48
29375 53
29500 57
29625 60
29750 65
29875 69
30000 76
30125 72
30250 69
30375 64
30500 60
30625 57
30750 52
30875 57
31000 60
31125 64
31250 69
31375 72
31500 71
31625 68
31750 64
31875 59
32000 56
32125 52
32250 47
32375 52
32500 56
32625 59
32750 64
32875 68
33000 76
33125 72
33250 69
33375 64
33500 60
33625 57
33750 52
33875 57
34000 60
34125 64
34250 69
34375 72
34500 67
34625 64
34750 60
34875 55
35000 52
35125 48
35250 43
35375 48
35500 52
35625 55
35750 60
35875 64
36000 69
36125 66
36250 62
36375 57
36500 54
36625 50
36750 45
36875 50
37000 54
37125 57
37250 62
37375 66
37500 72
37625 69
37750 65
37875 60
38000 57
38125 53
38250 48
38375 53
38500 57
38625 60
38750 65
38875 69
39000 76
39125 72
39250 69
39375 64
39500 60
39625 57
39750 52
39875 57
40000 60
40125 64
40250 69
40375 72
40500 71
40625 68
40750 64
40875 59
41000 56
41125 52
41250 47
41375 52
41500 56
41625 59
41750 64
41875 68
42000 76
42125 72
42250 69
42375 64
42500 60
42625 57
42750 52
42875 57
43000 60
43125 64
43250 69
43375 72
43500 71
43625 68
43750 64
43875 59
44000 56
44125 52
44250 47
44375 52
44500 56
44625 59
44750 64
44875 68
45000 76
45125 72
45250 69
45375 64
45500 60
45625 57
45750 52
45875 57
46000 60
46125 64
46250 69
46375 72
46500 67
46625 64
46750 60
46875 55
47000 52
47125 48
47250 43
47375 48
47500 52
47625 55
47750 60
47875 64
48000 69
48125 66
48250 62
48375 57
48500 54
48625 50
48750 45
48875 50
49000 54
49125 57
49250 62
49375 66
49500 72
49625 69
49750 65
49875 60
50000 57
50125 53
50250 48
50375 53
50500 57
50625 60
50750 65
50875 69
51000 76
51125 72
51250 69
51375 64
51500 60
51625 57
51750 52
51875 57
52000 60
52125 64
52250 69
52375 72
52500 67
52625 64
52750 60
52875 55
53000 52
53125 48
53250 43
53375 48
53500 52
53625 55
53750 60
53875 64
54000 71
54125 68
54250 64
54375 59
54500 56
54625 52
54750 47
54875 52
55000 56
55125 59
55250 64
55375 68
55500 71
55625 68
55750 64
55875 59
56000 56
56125 52
56250 47
56375 52
56500 56
56625 59
56750 64
56875 68
57000 76
57125 72
57250 69
57375 64
57500 60
57625 57
57750 52
57875 57
58000 60
58125 64
58250 69
58375 72
58500 67
58625 64
58750 60
58875 55
59000 52
59125 48
59250 43
59375 48
59500 52
59625 55
59750 60
59875 64
60000 69
60125 66
60250 62
60375 57
60500 54
60625 50
60750 45
60875 50
61000 54
61125 57
61250 62
61375 66
61500 72
61625 69
61750 65
61875 60
62000 57
62125 53
62250 48
62375 53
62500 57
62625 60
62750 65
62875 69
63000 76
63125 72
63250 69
63375 64
63500 60
63625 57
63750 52
63875 57
64000 60
64125 64
64250 69
64375 72
64500 71
64625 68
64750 64
64875 59
65000 56
65125 52
65250 47
65375 52
65500 56
65625 59
65750 64
65875 68
66000 76
66125 72
66250 69
66375 64
66500 60
66625 57
66750 52
66875 57
67000 60
67125 64
67250 69
67375 72
67500 67
67625 64
67750 60
67875 55
68000 52
68125 48
68250 43
68375 48
68500 52
68625 55
68750 60
68875 64
69000 69
69125 66
69250 62
69375 57
69500 54
69625 50
69750 45
69875 50
70000 54
70125 57
70250 62
70375 66
70500 72
70625 69
70750 65
70875 60
71000 57
71125 53
71250 48
71375 53
71500 57
71625 60
71750 65
71875 69
72000 76
72125 72
72250 69
72375 64
72500 60
72625 57
72750 52
72875 57
73000 60
73125 64
73250 69
73375 72
73500 71
73625 68
73750 64
73875 59
74000 56
74125 52
74250 47
74375 52
74500 56
74625 59
74750 64
74875 68
75000 76
75125 72
75250 69
75375 64
75500 60
75625 57
75750 52
75875 57
76000 60
76125 64
76250 69
76375 72
76500 71
76625 68
76750 64
76875 59
77000 56
77125 52
77250 47
77375 52
77500 56
77625 59
77750 64
77875 68
84000 76
84125 72
84250 69
84375 64
84500 60
84625 57
84750 52
84875 57
85000 60
85125 64
85250 69
85375 72
85500 76
85625 72
85750 69
85875 64
86000 60
86125 57
86250 52
86375 57
86500 60
86625 64
86750 69
86875 72
87000 76
87125 72
87250 69
87375 64
87500 60
87625 57
87750 52
87875 57
88000 60
88125 64
88250 69
88375 72
88500 76
88625 72
88750 69
88875 64
89000 60
89125 57
89250 52
89375 57
89500 60
89625 64
89750 69
89875 72
90000 76
90125 72
90250 69
90375 64
90500 60
90625 57
90750 52
90875 57
91000 60
91125 64
91250 69
91375 72
91500 67
91625 64
91750 60
91875 55
92000 52
92125 48
92250 43
92375 48
92500 52
92625 55
92750 60
92875 64
93000 69
93125 66
93250 62
93375 57
93500 54
93625 50
93750 45
93875 50
94000 54
94125 57
94250 62
94375 66
94500 72
94625 69
94750 65
94875 60
95000 57
95125 53
95250 48
95375 53
95500 57
95625 60
95750 65
95875 69
96000 76
96125 72
96250 69
96375 64
96500 60
96625 57
96750 52
96875 57
97000 60
97125 64
97250 69
97375 72
97500 67
97625 64
97750 60
97875 55
98000 52
98125 48
98250 43
98375 48
98500 52
98625 55
98750 60
98875 64
99000 71
99125 68
99250 64
99375 59
99500 56
99625 52
99750 47
99875 52
100000 56
100125 59
100250 64
100375 68
100500 71
100625 68
100750 64
100875 59
101000 56
101125 52
101250 47
101375 52
101500 56
101625 59
101750 64
101875 68
102000 76
102125 72
102250 69
102375 64
102500 60
102625 57
102750 52
102875 57
103000 60
103125 64
103250 69
103375 72
103500 67
103625 64
103750 60
103875 55
104000 52
104125 48
104250 43
104375 48
104500 52
104625 55
104750 60
104875 64
105000 69
105125 66
105250 62
105375 57
105500 54
105625 50
105750 45
105875 50
106000 54
106125 57
106250 62
106375 66
106500 72
106625 69
106750 65
106875 60
107000 57
107125 53
107250 48
107375 53
107500 57
107625 60
107750 65
107875 69
108000 76
108125 72
108250 69
108375 64
108500 60
108625 57
108750 52
108875 57
109000 60
109125 64
109250 69
109375 72
109500 71
109625 68
109750 64
109875 59
110000 56
110125 52
110250 47
110375 52
110500 56
110625 59
110750 64
110875 68
