0 68
174 68 64 73 49
500 73
697 73 52 49
1034 75
1208 76 49 52
1556 68 75 49
1731 68 56
2056 68 56
2230 71 64 52 49
2591 73
2742 56 71 52
3101 68
3264 68 66 49
3776 64 52
4124 64
4299 73 61 42
4659 73
4833 73 49
5158 75
5344 76 57
5681 75 68 49
5891 42
6029 68
6390 71 42
6715 73 49 54
6900 49 71
7249 68 49
7412 57 66
7912 54
8133 42
8272 68
8446 49 73 68 54 45
8794 73
8956 68 73 49
9317 75
9491 76 57 45
9550 54
9829 68 75
9992 52
10177 68
10502 49 64 71 52 45
10850 68 73
11025 71 52 49
11385 68 49
11548 45 66
12048 45 52 49 64
12570 52 71 44
12605 66
12942 71
13104 71 52
13452 68 52
13616 68 66 59
14139 56 52 64
14475 60
14662 72 60 44
14998 72 60
15172 72
15498 69
15685 56 68 44
16114 56
16555 68 56
16729 68 73 49 64
17066 73
17240 73 52 49
17566 56 75
17752 61 49 52 76
18263 49 52 68 56 76
18623 68 56
18786 64 71 49 52
19134 49 73
19319 56 49 71 52
19658 68
19820 66 49
20342 56 64 52
20772 64
20853 73 61 42
21004 56
21388 73 49
21714 75
21888 57 76
22411 42 68 49 57
22770 68
22921 66 42 71
23281 54 49 73 68
23445 71 42 49
23770 68
23955 57 66
24478 64 54
24838 64
25000 64 54 45 49 73
25361 73
25501 49
25861 75
26023 76 45 57
26546 68 49 52
26616 75
26883 68 52
27056 71 52 45 64
27406 68 73
27592 49 71
27928 68 49
28092 66 45
28614 45 52 49 64
28974 64 61 49
29148 52 61 71 44
29183 66
29474 71
29648 71 52
29973 49 68
30160 66 59
30681 52 64
31042 60 64
31216 72 60 44
31542 72 60
31728 72 60
32053 69
32239 68 44
32286 64
32703 56
32936 68
33110 68
33284 68 73 64 49
33610 73
33772 68 73 49 52
34133 75
34295 49 61 76
34643 68
34817 68 56
34864 52
35166 68 56
35340 71 52 49 64
35701 73
35852 71 56 49 52
36200 68
36374 66 49
36897 64 52
37234 64 52
37409 56 61 73 64 42
37758 73 64
37792 52
37931 49
38268 75
38454 42 76 57
38779 68
38814 49
39139 68
39197 42
39231 76
39477 66 71 42
39825 73 49
39988 71 49 42
40347 68 49
40511 57 66
41033 54
41383 68
41534 68 73 49 54 45
42067 73 49
42416 75
42578 45 76 57
42926 68
43100 52
43263 68 52
43613 71 52 45
43949 68 49 73
44123 52 49 71
44484 68 49
44635 45 66
44854 52
45168 64 52 49
45692 66 71 52 44
46041 71
46215 52 71
46540 68 52
46714 68 66
46935 59
47237 52 64
47586 60 64
47748 72 60 44
48097 72 60
48271 72 60
48608 69
48804 68
49235 56
49456 68
49653 68
49827 56 73 49 64
50165 73
50350 73 52 49
50675 56 75
50745 44
50873 61 76 52
51362 68 49 56
51710 68 56
51884 64 71 49 52
52255 73 49
52406 71 52 56
52754 68
52917 66 49
53429 64 52
53790 64
53975 61 73 42
54474 49 73
54835 75
54997 42 76 57
55520 76 68 49
55601 42
55858 68
56031 71 42
56379 73 54 49
56553 66 71 49 42
56891 68 49
57065 57 66
57576 64 54
57914 64
58088 54 64 73 49 45
58436 73
58610 73 49
58970 75
59133 76 45 57
59656 75 68 52 49
59993 68
60155 71 52 45
60516 73
60678 52 71 49
61038 68 49
61190 66 45
61503 52
61713 64 52
62061 61 64 49
62223 61 71 44
62281 66
62584 52 71
62758 71 52
62990 49
63117 71 68
63258 66 59
63780 64 56 52
64140 60 64
64315 72 60 44
64651 72 60
64825 72
65175 69
65349 68 44 56
65395 64
65674 56
66487 61 49 52
66881 44
70112 49
71750 44 49
