0 42 54 69
52 73 78
417 66
625 69
834 66
1042 73
1250 66
1441 69
1667 78
2500 69
2917 71
3334 49 65
3750 71
3959 73
4167 71
4584 73
4792 71
5000 65
6667 40 64
7084 71
7292 76
7500 71
7709 78
8125 76
8334 64
8750 71
8959 76
9167 59
9584 71
9792 76
10000 47 63
10417 73
10625 69
10834 73
11042 69
11250 66
11459 63
11667 78
13334 62
13750 69
13959 66
14167 74
14375 69
14584 66
14792 62
15000 78
15417 62
15834 64
16250 69
16667 45 69 57
17084 76
17292 73
17500 69
17917 73
18125 69
18334 61
18750 69
18959 73
19167 57
19584 69
19792 73
20000 59
20417 66
20625 69
20834 66
21042 74
21250 66
21459 74
21667 54 78
22084 66
22292 69
22500 54
22917 66
23125 69
23334 61
23750 65
23959 71
24167 65
24375 73
24584 71
24792 65
26667 42 54 61
26702 66 69 73
26736 78
27084 66
27292 69
27500 66
27709 73
27917 66
28125 69
28334 78
29167 69
29584 71
30000 49 65
30417 71
30625 73
30834 71
31250 73
31459 71
31667 65
33334 40 64
33750 71
33959 76
34167 71
34375 78
34792 76
35000 64
35417 71
35625 76
35834 59
36250 71
36459 76
36667 47 63
37084 73
37292 69
37500 73
37709 69
37917 66
38125 63
38334 78
40000 62
40417 69
40625 66
40834 74
41042 69
41250 66
41459 62
41667 78
42084 62
42500 64
42917 69
43334 45 69 57
43750 76
43959 73
44167 69
44584 73
44792 69
45000 61
45417 69
45625 73
45834 57
46250 69
46459 73
46667 59
47084 66
47292 69
47500 66
47709 74
47917 66
48125 74
48334 54 78
48750 66
48959 69
49167 54
49584 66
49792 69
50000 61
50417 65
50625 71
50834 65
51042 73
51250 71
51459 65
53334 42 54
53542 42
53750 49 73 66
53959 54 73 69
54167 73 66
54375 73
54584 71 66
54792 49 71 69
55000 71 78
55209 54
55417 49 73
55834 69
56250 71
56459 47
56667 49 65
56875 49
57084 56 73 71
57292 61 73
57500 73 71
57778 71
57917 73
58056 71
58125 56 71
58334 61 71 65
58542 56
58750 49
60000 40 64
60209 40
60417 47 71 71
60625 52 73 76
60834 73 71
61042 78
61250 71
61459 47 71 76
61667 71 64
61875 52
62084 47 71 71
62292 73 76
62500 59
62917 71
63125 49 76
63334 47 63
63542 47
63611 73
63750 54 73
63889 73
63959 59 69
64167 73 73
64375 69
64584 71 66
64792 54 71 63
65000 71 78
65209 54 69
65417 47 66
66667 62
67084 45 73 69
67292 50 73 66
67500 73 74
67709 69
67917 71 66
68125 45 69 62
68334 50 69 78
68542 50
68750 45 71 62
68959 73
69167 64
69584 69
69792 40
70000 45 69 57
70209 45 69
70417 52 73 76
70625 57 73 73
70834 73 69
71111 71
71250 73
71389 69
71459 52 69
71667 57 69 61
71875 52
72084 45 69
72292 73
72500 57
72917 69
73125 73
73334 59
73542 69
73750 42 71 66
73959 47 71 69
74167 71 66
74375 71 74
74584 71 66
74792 42 69 74
75000 47 71 54 78
75209 47
75417 42 69 66
75625 71 69
75834 73 54
76250 66
76459 69
76667 61
76875 71
77084 44 73 65
77292 49 73 71
77500 73 65
77709 73
77778 71
77917 71
78056 71
78125 44 65
78334 49 71
78542 73
78959 44
79167 49
80000 42 66 69
80035 73
80209 42
80417 49 73
80625 54 73
80834 74
81250 73
81459 49 73
81667 74 66 69
81702 73
81875 54
82084 49 71
82292 73
82500 66 69
82535 73
83125 47
83334 49 65 68
83368 73
83542 49 71
83750 56 73
83959 61 73
84167 73
84445 71
84722 71
84792 56
85000 61 71 68 73
85035 77
85209 56
85417 49
86667 40 64 68
86702 71
86875 40
87084 47
87292 52 69
87500 71
87709 71
87917 71
88125 47 69
88334 71 64 68
88368 71
88542 52
88611 71
88750 47
88889 71
89167 73 64 68
89202 71
89375 73
89584 73
89792 49 73
90000 47 73 59 63
90035 66
90209 47
90278 73
90417 54
90556 73
90625 59
90834 73
91111 71
91389 71
91459 54
91667 59 71 63 66
91702 71
91875 54 69
92084 47 66
92500 63 66
92535 71
93334 62 66
93368 69
93750 45 73
93959 50 73
94167 73
94445 71
94722 69
94792 45
95000 69 62 66
95035 69
95209 50
95417 45 71
95625 73
95834 62 66
95868 69
96459 40
96667 45 61 64
96702 69
96875 45
97084 52 64
97292 57 64
97500 73
97917 71
98125 52 69
98334 57 69 64 69
98368 73
98542 52
98750 45
100000 71 74
100035 78
100417 42 71
100625 47 71
100834 71
101042 71
101250 71
101459 42 69
101667 47 71 71 74
101702 78
101875 47
102084 42 69
102292 73
102500 71 74
102535 78
103334 65 68
103368 73
103542 71
103750 44 73
103959 49 71
104167 73
104584 76
104792 44
105000 49 73 68 73
105035 77
105209 71
105834 42
106042 44
106250 45
106459 47
106667 50 62 69
106702 74 78
106875 45
107084 74 78 74 69
107292 74 78 74 69
107500 78 74 69
107709 74 78 74 69
107917 74 78 74 69
108125 45 74 78 74 69
108334 50 74 62 69 74 78
108542 74
108750 69 74 78
108959 45
109167 50 76
109584 54 74
109792 74
110000 57 73 57 69 73 76
110209 52 73
110417 45 76 73 69
110625 76 73 69
110834 76 73 69
111042 76 73 69
111250 76 73 69
111459 52 76 73 69
111667 57 57 69 73 76
112292 52
112500 57 69 73 76
112917 52 73
113125 73
113334 49 73 61 68 73 77
113542 44 71
113750 71 77 73 68
113959 71 77 73 68
114167 77 73 68
114375 77 73 68
114584 77 73 68
114792 44 77 73 68
115000 49 61 68 73 77
115625 44
115834 49 68 73 77
116250 44 71
116459 71
116667 42 71 54 69 73 78
116875 69
117084 69 78 73 69
117292 69 78 73 69
117500 44 78 73 69
117709 78 73 69
117917 78 73 69
118125 78 73 69
118334 45 54 69 73 78
118750 69 73 78
119167 47
119584 49
120000 50 74 62 69 74 78
120209 45 74
120417 74 78 74 69
120625 74 78 74 69
120834 78 74 69
121042 74 78 74 69
121250 78 74 69
121459 45 74 78 74 69
121667 50 74 62 69 74 78
122084 74 69 74 78
122292 45
122500 50 76
122917 54 74
123125 74
123334 57 73 57 69 73 76
123542 52 73
123750 45 76 73 69
123959 76 73 69
124167 76 73 69
124375 76 73 69
124584 76 73 69
124792 52 76 73 69
125000 57 57 69 73 76
125625 52
125834 45 69 73 76
126250 52 73
126459 73
126667 47 73 59 71 74 78
126875 42 71
127084 71 78 74 71
127292 71 78 74 71
127500 78 74 71
127709 78 74 71
127917 78 74 71
128125 42 78 74 71
128334 47 59 71 74 78
128959 42
129167 47 71 74 78
129584 42 73
129792 74
130000 74 61 68 73 77
130209 44 73
130417 49 73 77 73 68
130625 73 77 73 68
130834 77 73 68
131042 77 73 68
131250 77 73 68
131459 44 77 73 68
131667 49 61 68
131719 73 77
132292 44
132500 68 73
132552 77
133334 42 54
133542 42
133750 49 73 66
133959 54 73 69
134167 73 66
134375 73
134584 71 66
134792 49 71 69
135000 71 78
135209 54
135417 49 73
135834 69
136250 71
136459 47
136667 49 65
136875 49
137084 56 73 71
137292 61 73
137500 73 71
137778 71
137917 73
138056 71
138125 56 71
138334 61 71 65
138542 56
138750 49
140000 40 64
140209 40
140417 47 71 71
140625 52 73 76
140834 73 71
141042 78
141250 71
141459 47 71 76
141667 71 64
141875 52
142084 47 71 71
142292 73 76
142500 59
142917 71
143125 49 76
143334 47 63
143542 47
143750 54 73
143889 73
143959 59 69
144167 73 73
144375 69
144584 71 66
144792 54 63
145000 71 78
145209 54 69
145417 47 66
146667 62
147084 45 73 69
147292 50 73 66
147500 73 74
147709 69
147917 71 66
148125 45 69 62
148334 50 69 78
148542 50
148750 45 71 62
148959 73
149167 64
149584 69
149792 40
150000 45 69 57
150209 45
150417 52 73 76
150625 57 73
150834 73 69
151111 71
151250 73
151389 69
151459 52 69
151667 57 69 61
151875 52
152084 45 69
152292 73
152500 57
152917 69
153125 73
153334 59
153750 42 71 66
153959 47 71 69
154167 71 66
154375 71 74
154584 71 66
154792 42 69 74
155000 47 71 54 78
155209 47
155417 42 69 66
155625 71 69
155834 73 54
156250 66
156459 69
156667 61
157084 44 73 65
157292 49 73 71
157500 73 65
157709 73
157778 71
157917 71
158056 71
158125 44 65
158334 49 71
158542 73
158959 44
159167 49
160000 42 66 69
160035 73
160209 42
160417 49 73
160625 54 73
160834 74
161250 73
161459 49 73
161667 74 66 69
161702 73
161875 54
162084 49 71
162292 73
162500 66 69
162535 73
163125 47
163334 49 65 68
163368 73
163542 49
163750 56 73
163959 61
164167 73
164445 71
164723 71
164792 56
165000 61 73 68 73
165035 77
165209 56
165417 49
166667 40 64 68
166702 71
166875 40
167084 47
167292 52 69
167500 71
167709 71
167917 71
168125 47 69
168334 71 64 68
168368 71
168542 52
168611 71
168750 47
168889 71
169167 73 64 68
169202 71
169375 73
169584 73
169792 49 73
170000 47 73 59 63
170035 66
170209 47
170278 73
170417 54
170556 73
170625 59
170834 73
171111 71
171389 71
171459 54
171667 59 71 63 66
171702 71
171875 54 69
172084 47 66
172500 63 66
172535 71
173334 62 66
173368 69
173750 45 73
173959 50
174167 73
174375 73
174584 73
174792 45 69
175000 73 62 66
175035 69
175209 50 71
175417 45 69
175625 69
175834 62 66
175868 69
176042 71
176250 73
176459 40
176667 45 73 61 64
176702 69
176875 45
177084 52
177292 57
177917 71
178125 52 69
178334 57 69 64 69
178368 73
178542 52
178750 45
180000 71 74
180035 78
180417 42 71
180625 47 71
180834 71
181042 71
181250 71
181459 42 69
181667 47 71 71 74
181702 78
181875 47
182084 42 69
182292 73
182500 71 74
182535 78
183334 65 68
183368 73
183750 44 73
183959 49 71
184167 73
184584 76
184792 44
185000 49 73 68 73
185035 77
185209 71
185834 42
186042 44
186250 45
186459 47
186667 50 62 69
186702 74 78
186875 45
187084 74 78 74 69
187292 74 78 74 69
187500 78 74 69
187709 74 78 74 69
187917 74 78 74 69
188125 45 74 78 74 69
188334 50 74 62 69 74 78
188542 74
188750 69 74 78
188959 45
189167 50 76
189584 54 74
189792 74
190000 57 73 57 69 73 76
190209 52 73
190417 45 76 73 69
190625 76 73 69
190834 76 73 69
191042 76 73 69
191250 76 73 69
191459 52 76 73 69
191667 57 57 69 73 76
192292 52
192500 57 69 73 76
192917 52 73
193125 73
193334 49 73 61 68 73 77
193542 44 71
193750 71 77 73 68
193959 71 77 73 68
194167 77 73 68
194375 77 73 68
194584 77 73 68
194792 44 77 73 68
195000 49 61 68 73 77
195625 44
195834 49 68 73 77
196250 44 71
196459 71
196667 42 71 54 69 73 78
196875 69
197084 69 78 73 69
197292 69 78 73 69
197500 44 78 73 69
197709 78 73 69
197917 78 73 69
198125 78 73 69
198334 45 54 69 73 78
198750 69 73 78
199167 47
199584 49
200000 50 74 62 69 74 78
200209 45 74
200417 74 78 74 69
200625 74 78 74 69
200834 78 74 69
201042 74 78 74 69
201250 78 74 69
201459 45 74 78 74 69
201667 50 74 62 69 74 78
202084 74 69 74 78
202292 45
202500 50 76
202917 54 74
203125 74
203334 57 73 57 69 73 76
203542 52 73
203750 45 76 73 69
203959 76 73 69
204167 76 73 69
204375 76 73 69
204584 76 73 69
204792 52 76 73 69
205000 57 57 69 73 76
205625 52
205834 45 69 73 76
206250 52 73
206459 73
206667 47 73 59 71 74 78
206875 42 71
207084 71 78 74 71
207292 71 78 74 71
207500 78 74 71
207709 78 74 71
207917 78 74 71
208125 42 78 74 71
208334 47 59 71 74 78
208959 42
209167 47 71 74 78
209584 42 73
209792 74
210000 49 74 61 68
210052 73 77
210209 73
210417 73
210625 73
213334 42 54 69
213368 73 78
213750 73 66
213959 73 69
214167 66
214375 74 73
214584 66
214792 73 69
215000 74 78
215417 71
215625 73
215834 69
216250 71
216667 49 65
216875 65
217084 73 71
217292 73
217500 73 71
217778 73
217917 73
218056 73
218125 71
218334 71 65
218542 73
220000 40 64
220209 73
220417 71 71
220625 76
220834 71 71
221042 78
221250 71
221459 76
221667 73 64
221945 71
222084 71
222223 71
222292 76
222500 71 59
222709 73
222917 71
223125 76
223334 47 63
223750 73 73
223959 73 69
224167 73 73
224375 71 69
224584 66
224792 69 63
225000 69 78
226667 62
226875 69
227084 73 69
227292 73 66
227500 73 74
227709 69
227917 71 66
228125 69 62
228334 69 78
228542 71
228750 73 62
229167 64
229584 69
230000 45 69 57
230209 64
230417 76
230625 73 73
230834 73 69
231111 71
231250 73
231389 71
231459 69
231667 69 61
231875 69
232084 69
232292 73
232500 57
232917 69
233125 73
233334 59
233542 66
233750 71 66
233959 71 69
234167 66
234375 71 74
234584 69 66
234792 74
235000 71 54 78
235209 69
235417 66
235625 71 69
235834 73 54
236250 71 66
236459 69 69
236667 73 61
237084 73 65
237292 71
237500 65
237709 73 73
237917 71 71
238125 71 65
238334 71
238542 73
240000 42 66 69
240035 73
240209 42
240417 49 73
240625 54
240834 74
241250 73
241459 49 73
241667 74 66 69
241702 73
241875 54
242084 49 71
242292 73
242500 66 69
242535 73
242917 61
243125 47 61
243334 49 65 68
243368 73
243542 49
243750 56 73
243959 61
244167 73
244445 71
244723 71
244792 56
245000 61 73 68 73
245035 77
245209 56
245417 49
246667 40 64 68
246702 71
246875 40
247084 47
247292 52 69
247500 71
247709 71
247917 71
248125 47 69
248334 71 64 68
248368 71
248542 52
248611 71
248750 47
248889 71
249167 64 68
249202 71
249584 73
249792 49 73
250000 47 73 59 63
250035 66
250209 47
250278 73
250417 54
250556 73
250625 59
250834 73
251111 71
251389 71
251459 54
251667 59 71 63 66
251702 71
251875 54 69
252084 47 66
252500 63 66
252535 71
253334 62 66
253368 69
253750 45 73
253959 50 73
254445 71
254723 69
254792 45
255000 69 62 66
255035 69
255209 50
255417 45 71
255625 73
255834 62 66
255868 69
256459 40
256667 45 61 64
256702 69
256875 45
257084 52
257292 57 64
257500 73
257917 71
258125 52 69
258334 57 69 64 69
258368 73
258542 52
258750 45
260000 71 74
260035 78
260417 42 71
260625 47 71
260834 71
261042 71
261250 71
261459 42 69
261667 47 71 71 74
261702 78
261875 47
262084 42 69
262292 73
262500 71 74
262535 78
263334 61 68
263386 73 77
263542 73
263750 44 73
263959 49
264167 76
264375 73
264792 44
265000 49 71
265209 48 73 77 73 68 61
265417 49 77 73 68 61
266667 42 54 69 73 78
266875 42
267084 49 78 73 69
267292 54 78 73 69
267500 78 73 69
267709 78 73 69
267917 78 73 69
268125 49 78 73 69
268334 54 69 73 78
268542 54
268750 49
269167 69 73 78
269792 47
270000 49 61 68 73 77
270209 49
270417 56 77 73 68
270625 61 77 73 68
270834 77 73 68
271042 77 73 68
271250 77 73 68
271459 56 77 73 68
271667 61 61 68 73 77
271875 56
272084 49
272500 68 73 77
273334 40 64 68 71 76
273542 40
273750 47 76 71 68
273959 52 76 71 68
274167 76 71 68
274375 76 71 68
274584 76 71 68
274792 47 76 71 68
275000 64 68 71 76
275209 52
275417 47
275834 68 71 76
276459 45
276667 47 59 69 75 78
276875 47
277084 54 78 75 69
277292 59 78 75 69
277500 78 75 69
277709 78 75 69
277917 78 75 69
278125 54 78 75 69
278334 59 59 69 75 78
278542 54
278750 47
279167 69 75 78
279584 47
280000 62 69 74 78
280417 45 78 74 69
280625 50 78 74 69
280834 78 74 69
281042 78 74 69
281250 78 74 69
281459 45 78 74 69
281667 62 69 74 78
281875 50
282084 45
282500 69 74 78
283125 40
283334 45 57 69 73 76
283542 45
283750 52 76 73 69
283959 57 76 73 69
284167 76 73 69
284375 76 73 69
284584 76 73 69
284792 52 76 73 69
285000 57 69 73 76
285209 57
285417 45
285834 69 73 76
286667 59 71 74 78
287084 42 78 74 71
287292 47 78 74 71
287500 78 74 71
287709 78 74 71
287917 78 74 71
288125 42 78 74 71
288334 59 71 74 78
288542 47
288750 42
289167 71 74 78
290000 61 68 73 77
290417 44 77 73 68
290625 49 77 73 68
290834 77 73 68
291042 77 73 68
291250 77 73 68
291459 44 77 73 68
291667 49 61 68 73 77
292292 44
292500 49 68 73 77
293334 42 54 69 73 78
293542 42
293750 49 78 73 69
293959 54 78 73 69
294167 78 73 69
294375 78 73 69
294584 78 73 69
294792 49 78 73 69
295000 54 69 73 78
295209 54
295417 49
295834 69 73 78
296459 47
296667 49 61 68 73 77
296875 49
297084 56 77 73 68
297292 61 77 73 68
297500 77 73 68
297709 77 73 68
297917 77 73 68
298125 56 77 73 68
298334 61 61 68 73 77
298542 56
298750 49
299167 68 73 77
299584 49
300000 40 64 68 71 76
300209 40
300417 47 76 71 68
300625 52 76 71 68
300834 76 71 68
301042 76 71 68
301250 76 71 68
301459 47 76 71 68
301667 64 68 71 76
301875 52
302084 47
302500 68 71 76
303125 45
303334 47 59 69 75 78
303542 47
303750 54 78 75 69
303959 59 78 75 69
304167 78 75 69
304375 78 75 69
304584 78 75 69
304792 54 78 75 69
305000 59 59 69 75 78
305209 54
305417 47
305834 69 75 78
306667 62 69 74 78
307084 45 78 74 69
307292 50 78 74 69
307500 78 74 69
307709 78 74 69
307917 78 74 69
308125 45 78 74 69
308334 62 69 74 78
308542 50
308750 45
309167 69 74 78
309792 40
310000 45 57 69 73 76
310209 45
310417 52 76 73 69
310625 57 76 73 69
310834 76 73 69
311042 76 73 69
311250 76 73 69
311459 52 76 73 69
311667 57 69 73 76
311875 57
312084 45
312500 69 73 76
313334 59 71 74 78
313750 42 78 74 71
313959 47 78 74 71
314167 78 74 71
314375 78 74 71
314584 78 74 71
314792 42 78 74 71
315000 59 71 74 78
315209 47
315417 42
315834 71 74 78
316667 61 68 73 77
317084 44 77 73 68
317292 49 77 73 68
317500 77 73 68
317709 77 73 68
317917 77 73 68
318125 44 77 73 68
318334 49 61 68 73 77
318959 44
319167 49 68 73 77
320000 54 54 69 73 78
320417 54 78 73 69
320625 78 73 69
320834 42 78 73 69
321042 78 73 69
321250 78 73 69
321459 49 78 73 69
321667 54 54 69 73 78
321875 49
322084 54
322500 69 73 78
323125 47
323334 49 61 68 73 77
323542 49
323750 56 77 73 68
323959 61 77 73 68
324167 77 73 68
324375 77 73 68
324584 77 73 68
324792 77 73 68
325000 61 68 73 77
325209 56
325417 61
325625 56
325834 61 68 73 77
326667 40 64 68 71 76
326875 40
327084 47 76 71 68
327292 52 76 71 68
327500 76 71 68
327709 76 71 68
327917 76 71 68
328125 47 76 71 68
328334 64 68 71 76
328542 47
328750 52
328959 47
329167 52 68 71 76
330000 47 59 69 75 78
330209 47
330417 54 78 75 69
330625 59 78 75 69
330834 78 75 69
331042 78 75 69
331250 78 75 69
331459 54 78 75 69
331667 59 69 75 78
331875 59
332084 54
332292 47
332500 59 69 75 78
333334 62 69 74 78
333750 45 78 74 69
333959 50 78 74 69
334167 78 74 69
334375 78 74 69
334584 78 74 69
334792 45 78 74 69
335000 62 69 74 78
335209 50
335417 45
335834 69 74 78
336459 40
336667 45 57 69 73 76
336875 45
337084 52 76 73 69
337292 57 76 73 69
337500 76 73 69
337709 76 73 69
337917 76 73 69
338125 52 76 73 69
338334 57 57 69 73 76
338542 52
338750 45
339167 69 73 76
340000 59 71 74 78
340417 42 78 74 71
340625 47 78 74 71
340834 78 74 71
341042 78 74 71
341250 78 74 71
341459 42 78 74 71
341667 47 59 71 74 78
341875 42
342500 71 74 78
343334 61 68 73 77
343750 44 77 73 68
343959 49 77 73 68
344167 77 73 68
344375 77 73 68
344584 77 73 68
344792 44 77 73 68
345000 49 61 68 73 77
345625 44
345834 49 68 73 77
346667 54 54 69 73 78
346875 54
347084 54 78 73 69
347292 54 78 73 69
347500 54 78 73 69
347709 54 78 73 69
347917 54 78 73 69
348125 54 78 73 69
348334 54 54 69 73 78
348542 54
348750 54
348959 54
349167 54 69 73 78
349584 54
350000 49 61 68 73 77
350209 49
350417 49 77 73 68
350625 49 77 73 68
350834 49 77 73 68
351042 49 77 73 68
351250 49 77 73 68
351459 49 77 73 68
351667 49 61 68 73 77
351875 49
352084 49
352292 49
352500 49 68 73 77
352917 49
353334 52 64 68 71 76
353542 52
353750 52 76 71 68
353959 52 76 71 68
354167 52 76 71 68
354375 52 76 71 68
354584 52 76 71 68
354792 52 76 71 68
355000 52 64 68 71 76
355209 52
355417 52
355625 52
355834 52 68 71 76
356250 52
356667 47 59 69 75 78
356875 47
357084 47 78 75 69
357292 47 78 75 69
357500 47 78 75 69
357709 47 78 75 69
357917 47 78 75 69
358125 47 78 75 69
358334 47 59 69 75 78
358542 47
358750 47
358959 47
359167 47 69 75 78
359584 47
360000 50 62 69 74 78
360209 50
360417 50 78 74 69
360625 50 78 74 69
360834 50 78 74 69
361042 50 78 74 69
361250 50 78 74 69
361459 50 78 74 69
361667 50 62 69 74 78
361875 50
362084 50
362292 50
362500 50 69 74 78
362917 50
363334 45 57 69 73 76
363542 45
363750 45 76 73 69
363959 45 76 73 69
364167 45 76 73 69
364375 45 76 73 69
364584 45 76 73 69
364792 45 76 73 69
365000 45 57 69 73 76
365209 45
365417 45
365625 45
365834 45 69 73 76
366250 45
366667 47 59 71 74 78
366875 47
367084 47 78 74 71
367292 47 78 74 71
367500 47 78 74 71
367709 47 78 74 71
367917 47 78 74 71
368125 47 78 74 71
368334 47 59 71 74 78
368542 47
368750 47
368959 47
369167 47 71 74 78
369584 47
370000 49 61 68 73 77
370209 49
370417 49 77 73 68
370625 49 77 73 68
370834 49 77 73 68
371042 49 77 73 68
371250 49 77 73 68
371459 49 77 73 68
371667 49 61 68 73 77
371875 49
372084 49
372292 49
372500 49 68 73 77
372917 49
373334 54 54 69 73 78
373542 54
373750 54 78 73 69
373959 54 78 73 69
374167 54 78 73 69
374375 54 78 73 69
374584 54 78 73 69
374792 54 78 73 69
375000 54 54 69 73 78
375209 54
375417 54
375625 54
375834 54 69 73 78
376250 54
376667 49 61 68 73 77
376875 49
377084 49 77 73 68
377292 49 77 73 68
377500 49 77 73 68
377709 49 77 73 68
377917 49 77 73 68
378125 49 77 73 68
378334 49 61 68 73 77
378542 49
378750 49
378959 49
379167 49 68 73 77
379584 49
380000 52 64 68 71 76
380209 52
380417 52 76 71 68
380625 52 76 71 68
380834 52 76 71 68
381042 52 76 71 68
381250 52 76 71 68
381459 52 76 71 68
381667 52 64 68 71 76
381875 52
382084 52
382292 52
382500 52 68 71 76
382917 52
383334 47 59 69 75 78
383542 47
383750 47 78 75 69
383959 47 78 75 69
384167 47 78 75 69
384375 47 78 75 69
384584 47 78 75 69
384792 47 78 75 69
385000 47 59 69 75 78
385209 47
385417 47
385625 47
385834 47 69 75 78
386250 47
386667 50 62 69 74 78
386875 50
387084 50 78 74 69
387292 50 78 74 69
387500 50 78 74 69
387709 50 78 74 69
387917 50 78 74 69
388125 50 78 74 69
388334 50 62 69 74 78
388542 50
388750 50
388959 50
389167 50 69 74 78
389584 50
390000 45 57 69 73 76
390209 45
390417 45 76 73 69
390625 45 76 73 69
390834 45 76 73 69
391042 45 76 73 69
391250 45 76 73 69
391459 45 76 73 69
391667 45 57 69 73 76
391875 45
392084 45
392292 45
392500 45 69 73 76
392917 45
393334 47 59 71 74 78
393542 47
393750 47 78 74 71
393959 47 78 74 71
394167 47 78 74 71
394375 47 78 74 71
394584 47 78 74 71
394792 47 78 74 71
