0 66 52
315 73
674 71
1035 52 66
1371 70
1917 70
2441 71
2475 52
2789 54
3148 66 54
3497 71
3868 66
4205 70
4728 70
5251 71
5635 56 66
5971 73
6310 71 56 66
6680 71 66
7017 70
7551 70
8086 71
8435 59
8795 66
9132 71 59
9503 71 75
9863 73
10049 75
10387 71 59
10712 71
10897 73
11280 52 66
11618 73
11977 71
12327 52 66
12664 70
13210 70
13743 71
13778 52
14092 54
14429 66 54
14790 71
15161 54 66
15498 70
16032 70
16544 71
16927 56 66
17264 73
17473 73
17612 71 56
17972 71 66
18310 70
18844 70
19378 71
19738 59
20110 66
20447 71 59
20796 71 75
21144 73
21365 75
21678 59 71
22190 73
22573 40 66
22910 73
23085 52
23270 71 52 40 47
23618 71 52 66
23967 70 54 40
24490 70 54
24676 47 54 40
25024 71
25385 42
25733 66
26093 71 47
26442 66
26802 58
27324 70 58
27487 70 42 54
27870 71
28220 44 66
28557 73
28904 71 51
29276 71 66
29613 51 58
30137 70 51 58
30322 51
30671 71
31030 59 47 51
31378 66
31750 54 71
32089 75 54 47
32437 54 61
32971 71 47
33134 59 47
33504 61 73 54
33876 52 66 40
34191 73
34308 52
34551 71 52 40 47
34911 71 52 66
35260 70 54 40
35793 70
35979 54 47
36317 71
36677 42
37025 66
37385 71 47
37757 66
38083 70 58 47
38617 70 58
38779 54 42 70
39151 47 71 54
39522 44 66
39860 73
40197 44 71 51
40558 66
40894 51 58
41440 70 58 51
41625 58 51
41973 71
42312 47
42671 66 71
43043 71 54 47
43391 75 47
43740 61
44264 71
44426 59 47
44797 61 73 54
45169 66 40
45494 73
45610 52
45853 71 52 47 40
46203 66 52
46551 70 54 47
47086 70 66 54
47260 47
47632 71 66
47969 42
48329 66
48677 71 47
49026 71 66
49386 70 58 66
49920 70 58 66
50072 42 54
50444 47 71
50664 66
50815 44 66
51152 73
51500 44 71 51
51860 66
52198 58 66 51
52733 70 58 66
52918 51
53266 71
53336 66
53626 59 51 47
53952 66
54336 71 47 54
54684 71 75 47
55033 66 54 61
55566 71 47 54 66
55728 59 47
55904 71
56090 61 73 66
56125 54
56450 40 52
56787 73
56972 52
57146 71 52 47
57507 66 52
57866 70 54 47
58378 70 54 66
58552 47
58622 40
58913 71 66
59272 42
59621 66
59970 71 47
60330 66
60690 58 66
61015 42
61213 70 66 58
61375 66 54 70
61747 47 71
62096 44 66
62433 73
62793 71 44 51
63141 66 71
63513 58 51
64025 51 58 66
64211 51
64559 71
64605 66
64908 47 51
65093 71
65255 66
65639 47 71 54
65976 75 47
66325 73 61 54 66
66557 75
66859 71 66 47
67010 59
67393 73 61 54 66
69845 72
70194 70
70565 68 42
70925 75 46
71262 73 49
71621 49
71960 72 68 56 49
72505 68 56 72 49
72668 49
72819 46
73039 68 73 49
73388 44
73747 68
74086 49
74794 72 68 60 49
75316 72 68
75501 68 56
75665 51
75711 48
75851 73
75933 44
76199 56 46
76560 41 75
76629 49
76908 73 46 41 53
77268 68 49
77616 41 68 72 60 53
77885 49
78151 68 72 49
78314 53
78535 46
78686 73
78720 49
78975 61
79045 53 49
79405 49
79451 44
79730 44 73 56 49 41
80092 56
80451 49 75 63 56 44
80963 73 68 56 49
81148 61
81264 41
81508 75 61 49 56
81846 49 42
82218 75 42
82252 46
82554 49 46 73 42
82914 46 49
83263 72 68 56 49
83798 68 72 56
83961 49
84135 46
84332 68 73 49
84680 44
85028 68
85389 49
86098 68 72 60 49
86609 60 68 72
86794 68 56
86969 48
87015 44
87154 51 73
87502 68 56 46
87817 41
87864 75
87911 49
88200 73 53 41
88561 68 49
88909 41 68 72 60 53
89175 49
89454 53 68 72 49
89617 53 41
89967 73 49
90303 61
90338 53 49
90687 56 49
90779 44
91035 73 44 41 56 49
91663 41
91733 68 75 63 56 44
92058 49
92255 73 68 61 49 56
92441 61 49
92800 75
92870 63
93416 63 75
95973 66
96727 66
98980 68
99341 68
101979 70
102362 70
104975 73
105359 73
107973 66
108717 66
110970 68
111353 68
113968 70
116988 73
117348 73
118011 73
