220 79
1347 79
1998 75
2219 75
3333 79
3553 79
3775 77 79
5587 79
7248 74
7480 51 74 63
7714 58
7749 51
7912 74 58 51 67
8120 63 58 74 67 51
8329 70 58
8562 67 65 70 51
8770 70 67 46 65
9002 74
9223 55
9444 62 72
9514 43
9654 62 74 55 70
9863 79 55 62 43
10095 62 72
10304 51 74 70
10548 79 55
10757 67 43 55 70 62
10931 43
10977 62 65 53
11210 60 41
11419 69
11628 69 65 53
11850 60
11896 41
12058 65 53 70
12279 60 65 70
12489 60 72
12720 55
12814 41
12929 69 62
13150 67 70
13358 67 55
13487 43
13591 69 62
13790 67 70 55
14011 62 67 55
14243 62 70
14463 70 51
14672 58
14904 67
15090 63 58 51
15311 62 58
15543 51 67
15625 62
15742 79 51
15986 58
16194 55
16403 62 55
16624 70
16832 62 55
17007 70
17053 62
17123 43
17274 79 70
17495 55
17670 67 79 62
17902 65 70 53
18123 65 60
18331 69 65
18367 41
18529 53 65 69
18750 53 65 60 41
18947 69
19098 69
19191 53
19238 41
19423 77 65 53 60
19645 55
19854 62
20005 43
20075 70
20283 79 55 62 43
20504 62
20748 70
20957 79 62 55
21166 67 62 43 55
21398 70 51 74 55 62
21620 58
21841 74 67
22049 58 51 74 67 62
22281 58 70
22491 67
22712 58 51
22839 62
22955 51 58
23164 55 51 65
23396 62 72
23431 43
23606 74 55 62 70
23653 51
23816 55 65
23978 43
24037 62 72
24269 70 62
24489 55 65
24524 43
24710 70 65 62
24919 65 53 55
25163 60
25371 60 69 62
25558 69 65 53
25814 60
26012 69 60
26244 53 60
26452 53
26673 67 55 62
26813 55 67
26964 55
27021 67 62
27230 67 55
27370 62
27451 67 55
27579 62 43
27649 67 55
27800 67 62
27928 55
28032 43 67 62
28114 55
28242 67 55
28486 70
28613 55 67
28718 79
28822 70
28950 74 67
29182 70
29287 74 67
29414 70
29520 74
29624 67 79
29729 70
29856 74 67
29962 79
30077 70
30310 67 57 50 62
30379 43
30506 50
30576 67 43
30646 50 62
30693 57
30786 50 43
30937 62 50 43
31099 57 62 50 43
31239 58
31296 55 43 50
31447 62 43
31565 67
31669 62 57
31739 50 43
31890 55 50
31982 43
32111 43
32481 67 58 62 43
32610 67 79 58
32830 62 43
32957 50 67 62
33108 41
33306 70 41 62
33422 50
33457 60 41
33551 70
33772 70 53 62
33888 41
34016 51 74
34260 55
34375 58 67 63
34515 58 51 79 67
34700 51
34805 79 46
34956 50
35189 51 62 66
35351 50 62
35549 57
35654 62
35770 50
35851 43
35979 43
36142 43
36246 55 50 67
36293 43
36386 79
36711 67 55 43
36745 50
36862 41
36989 53
37105 50 41 62
37314 70 60 50
37419 41 53
37548 62 43 70
37698 43
37733 51
37896 51
38000 67 55
38140 63 51 67 58
38279 51 79 67
38593 51
38650 46
38708 62
38801 50
38952 50 66
39092 62
39196 70 50
39313 62
39417 69 50
39557 57
39639 79 43 67 70
39801 43
39998 55 62
40138 55 67 43 62
40347 62 55
40381 72
40579 79 70 67
40706 62 55
40927 62 55
40963 43
41067 62 55
41264 55 62
41498 70 43 55 62
41857 70
41939 62
42182 74 62 69
42403 55
42566 43
42670 70 67
42891 70 74
42925 55
43112 74 70
43332 67 75 58 79 51
43972 46
44006 79 75 70 51
44482 63
44715 70 67
44889 79
44924 63
45156 65 70 53 60
45306 41
45842 77 70 53
46295 65
46504 70 65
46586 41
46737 74
46956 41 58 60 65
46992 70
47678 70 65 46
48374 57
48595 57
48804 55
48839 70 62 57
49199 57
49410 43
49491 74 70 62
49827 43
49954 67 70
50175 70 74 62
50419 62 74 70
50640 67 58 79 51 63 75
51313 75 79 51
51755 79 63 51
51965 70 67
52441 70 74 60 53 41
53114 65 69 74 60 53
53579 65
53789 69 72 60 65 53
54253 74 65 58 70
54288 46
54949 65 62
55194 72 60
55647 57
55868 65
56181 55 65 43
56310 53
56414 43 55 62
56518 50
56553 43
56657 53
56774 50 55 69 62 43
56901 57
57029 72 69 60
57169 55
57344 69 62 55 43
57460 50
57576 55
57680 53 65
57773 55 43
57901 65
57982 55 43
58133 43 53
58215 55 62
58330 50 43
58458 53
58574 55 69
58610 43 62
58679 57
58795 60 70
58830 57
58946 60 55
59050 43
59155 55 69 62
59282 50
59366 55
59470 65 53
59551 43
59714 43 65
59946 53
60039 62 55 43
60143 50
60260 53
60411 55 62 65
60503 57
60561 53
60654 70 65 60
60781 58
60817 72
60991 57
61025 62 65 43
61340 69 62 65 43
62246 43
62350 50
62443 74 58
62478 70 43
62513 62
62582 53
62907 48 41 53
63362 48 79
63408 46
63745 63 79
63942 46
64012 51
64104 75 79
64325 72 63
64673 51 79
64801 46
64882 51 43
65045 53 69
65126 46
65207 41
65277 48
65348 41
65488 41
65522 48 70
65801 48
65964 69 53 41 48
66207 65
66336 53 41
66428 69 65 57
66648 48
66869 46 41 53 48
67055 41
67113 48 79 43
67474 43
67521 48
67648 50
67822 50 72 43
67869 41
68066 67
68160 62 50
68298 70 79
68368 58 55
68530 50
68566 46
68670 50 43
68740 70
68821 50 43
68983 43 50
69193 45
69227 50
69333 70 62
69391 50
69530 45
69635 50
69704 77 70 62
69774 50
69960 50 62
70065 45
70192 77 41
70297 50
70390 41
70529 41
70656 70
70692 50 45
70900 79 51
71132 46
71250 58 70 51
71447 58
71564 46
71621 51 58 74
71785 46
71853 63 51
72086 58 46
72225 51
72342 46 43
72550 46 43
72643 51
72771 41 48 70 58
72817 53
72933 41
73260 69
73329 41
73469 48 67
73608 53
73713 65
73956 69 57
74130 65
74166 48
74223 45
74410 70 48 41 79
74699 43
75024 43
75246 50
75340 43 55
75397 48
75595 67
75688 62
75746 50
75780 58
75920 55
76024 50
76082 43 46
76268 70 43
76454 43
76489 50
76663 65
76848 62 70 50
77069 62
77198 62 50 57
77268 65
77419 62 50 57
77581 53
77663 65
77732 62 50
77860 45
77906 41
78162 50
78208 45
78324 74 79
78405 51
78533 46
78638 75 51 79
78777 51
78904 46
79021 51 75
79137 46
79220 75 79
79428 70 46
79498 51
79545 63 79
79661 46
79777 51
79881 63
79916 70 46
80125 53 41 69
80288 48
80427 48
80473 70 41
80682 46 41
80833 69 48 41
80868 58
81030 41 53
81123 77
81170 41 53
81288 48 69
81380 41
81473 48
81520 53
81577 41
81636 48
81728 41
81833 48
82030 43
82286 43 50
82495 43
82646 50 62 43
82878 43 72
83075 43
83111 70
83204 43
83390 41
83437 43
83552 70 50
83785 62
83890 50
84041 45
84133 70
84249 50
84353 70
84412 50
84493 62 77 70
84597 50
84818 50 45
85086 50
85179 45
85261 50
85412 70 50 45
85644 79
85725 51
85818 46
85969 77
86154 43
86341 74 51 46
86596 79 75 46 67
86793 58 51
86898 55 46
87072 51
87177 43
87270 70 51
87502 48 41 53 70 46
87816 48
88002 69 57
88222 53 67 60 65
88269 48
88454 48
88687 57 69
88942 41
88989 48
89104 46
89141 70 41
89362 51
89396 48
89513 62 41
89594 67
89664 51
89745 62
89849 67
89942 41
89989 62
90070 70 51
90221 62
90314 67 58 55 51
90441 62
90535 67
90813 62
90998 70
91103 43 62
91244 43
91476 65
91569 62 70
91626 43
91720 62
91824 65
91940 70 55 43
92149 58 70 55 62
92289 43
92416 65
92521 70
92660 62
92753 65
92880 70
93008 62 41
93114 53 70
93219 41
93451 70
93625 60 41
93822 65 70
93973 60 53
94066 65
94136 57
94182 72 60
94403 70
94485 60
94577 65 53
94774 70
95006 55 43
95345 43
95693 79 55 43
95925 62 55 43
96029 58
96564 55
96610 70
96726 79
96830 51
96958 79
97169 79 51 62
97424 79
97528 51
97656 79
97761 67 58
97946 74
98306 74
98388 79
98747 43
99086 55
99318 79
99469 43 55
99701 62 43 70
100212 62
100665 41 53
100827 41
101001 53 41
101363 53
101595 69 72 60 53 65
101850 53
102210 60
102535 43
102791 70
102848 79
102906 55 43
102999 70
103244 79 70 55 43
103489 67 70 55
103720 70
103825 74
103952 79
104196 70
104405 51
104533 65
104661 63 51
104777 65
104870 58 70
104986 67
105103 58
105207 70
105336 65
105451 46 74
105683 65 74 72
105800 63
105939 70
106160 70
106265 55
106322 62 43
106369 65
106485 62
106601 65
106705 55
106741 65
106810 58
106938 46 62
107020 67 70
107160 58 65
107275 74 62
107485 74 62
107601 67
107670 55
107751 70
107856 62
107938 70
108089 53
108227 53
108297 60 70
108414 53 65
108611 65 58
108785 70
108983 53
109204 70 58
109331 72 70 60
109378 41
109448 65
109588 70
109680 60
109796 70
109913 55
110005 65
110064 62
110121 43
110261 62 65
110446 67 58 55
110586 62 65
110678 70 58
110818 43 58 69 62
111156 62 70
111238 65 67
111481 70
111725 51 79 63 75
111899 55
111933 63 51
112073 79
112143 51
112387 55
112421 51
112515 63
112653 63 51
112863 63
113003 51
113224 79
113317 58 55
113572 67 72 55
113770 62 58
113908 43 55
114118 43
114280 58 43
114315 62
114443 43
114513 62 55 70
114594 43
114687 70 62 58
114872 55
114943 62 43 70
115013 67
115188 62 58
115280 43
115407 53 43
115466 70
115500 65
115617 70 57
115732 41 65
115883 53
115989 41
116127 70 57
116220 41
116371 70
116499 53
116731 70
116766 48
116836 60 41 53
116976 41
117069 57 65
117371 67 55
117452 43 62 58
117743 43
118219 55 79 62 43
118253 58
118567 67 55 62 58
118915 67 79 58 62
119149 46
119544 55
119857 50
119926 46
120101 46 55
120136 62 50
120287 67
120426 51
120530 79
120763 67
120878 79
121043 48 41
121414 41
121739 58
121786 41
121995 57 60 48 53
122215 70 57
122285 46
122366 41 65
122505 41
122552 53
122656 57 48
122749 41
122890 43 79
123064 43
123273 43
123307 67
123447 43
123481 58
123632 62 43
123865 62 55 58 50 43
124016 50
124237 43 58
124399 58
124503 43
124585 67
124794 50
124852 45
125131 50
125341 45
125469 50
125713 57
125747 53
126641 46 79 67
127235 58 46
127582 70 55 46 51 62
127826 67
127966 51
128024 79
128268 51
128535 48 41
128849 51 41
129036 41
129151 53
129198 41
129442 41 57 53 48
129569 51
129674 70
129720 65
129801 53
129894 46 51
129988 41 48
130115 46 51
130162 41
130358 46 51 43 79
130742 43
130777 41
130999 58
131092 50
131138 43
131312 55
131393 50 62 43
131498 58
131532 46 50
131695 43
131776 79
131869 43
131904 58
132008 43
132299 45
132357 50
132682 50
132939 50
132973 45
133194 60 45
133299 53 41
133368 65 45
133507 50 53
133543 70
133891 45 60
134112 46
134216 58 51
134274 79 46
134437 55
134482 58
134576 63 51
134703 55
134810 79
134855 62
134925 51
135065 74
135099 46
135146 79
135250 74
135343 67 55 51
135460 79
135645 51
135715 79
135773 62
135958 51 41
136017 48
136179 67 48
136307 57
136389 53
136632 58
136771 48
136854 41 53
136958 48
137098 48
137144 55
137237 48 57
137365 41
137562 58
137643 60
137782 57 43
137945 50
138062 43
138143 57 50
138340 58
138468 60
138526 50 62
138689 50 43
138875 50
138956 55 43
139038 50 57
139247 58 55
139363 70 58
139410 62 43
139583 43
139688 50 45
139839 74 62 50 45
140048 65 50
140152 53
140350 62 50
140524 50
140617 45
140769 50
140862 65
140920 53
140990 50
141211 62 45 50
141396 46
141443 51
141570 46
141721 51 46
141861 51
141919 46
142116 51
142348 46 51
142895 62
143080 51
143150 46 58
143301 58 41 48
143464 41
143580 53 48
143673 41
143847 41
144021 48
144206 48
144242 41 53
144393 41
144439 63
144474 75
144520 46
144682 63
144741 53
144823 63 48
144928 50
144974 46
145079 43
145137 48
145229 43
145439 43
145648 43
145903 43
146054 55
146136 43
146298 75 63
146391 70
146576 62 70
146612 58
146741 63 70 51
146775 46
146985 45 50
147263 62 50
147855 50
148169 45
148319 50 70
148400 65
148551 65 60
148668 48
148750 50 53 65 43
148960 43
149064 53
149098 55 43 62
149203 50
149330 53
149436 69 55 50 62
149551 57
149655 70 60 72
149818 62 55
149899 69
150016 62 55
150108 50
150237 55
150294 43
150352 65 53
150469 55 67
150573 65
150701 43 55
150760 62
150806 53
150923 43 62 55
151004 69 50
151131 53
151248 55 69 62
151352 57
151479 70 60
151619 55
151712 43
151805 69 62 55
151921 50
152049 55
152153 65
152269 55
152386 41 65 53
152501 55
152594 62
152735 62 55
152804 50
152944 53
153072 55 69 43 62 50
153176 57
153304 70 60
153443 55 43
153524 69
153641 62 55
153745 50
153873 55
153989 53 65
154105 43
154221 65
154279 43 55
154430 53 62 43
154523 55
154627 62 50
154756 53
154885 55 62 43
155000 57
155117 70 60
155279 55
155325 62 69
155372 43
155476 62 55
155535 50
155697 50 55
155813 65 53
155871 43
155941 67
156045 43 65 62
156092 69
156230 70
156266 43 55
156381 58 65 62
156510 55 43
156649 57
156731 55 43 62
156778 69 57
156964 55 60 43 70
157022 65 57
157173 62 65 58 70
157393 62 55
157474 57
157625 70 58 62
157846 51
157880 65 62
157986 69
158067 51
158182 70 58 65
158311 55
158403 57
158543 62 57 55
158647 69
158741 60 57
158846 65
158950 62 58
159008 43
159078 70
159217 62 55 43
159275 69 57
159426 43 70 62 57
159670 58 62
159763 41
159844 70
159983 41 58 65 62
160112 55 58
160320 43 69 58 62 55
160541 57 60 72 70
160704 57
160740 65
160774 55
160878 70 58 62
160914 65
161029 43
161262 65 62 70 43
161471 65
161773 75 62
162005 62 74
162051 55
162191 75 55 67
162353 58 70
162435 62
162493 58
162912 62
163097 55
163144 43
163353 58 70 51 63
163504 58 63
163724 51 63
164073 51
164212 63
164305 79 75 51
164538 75
165212 65 60 53 41
165363 65
165432 60
165583 65 60 53
165735 65
165908 65 60 53
166129 72 60 53 65
166454 41
167036 79 62 67 55
167396 62
167593 43
167744 67 62
167965 74 79 55 62 67
168290 79
168872 62 74
168929 50
168965 57
169116 50
169197 62
169301 50 57
169568 50 62
169789 77 62 50
170672 58
170707 51 63
170823 58
170870 63
171067 63 51
171427 63 51
171624 79 63 70 75
172007 75 63
172554 65 60 53
172636 70
172775 65 60
173019 65
173251 65
173297 41
173472 65 53 72
174215 60
174424 43 62 55
174552 67
174646 70
174750 62
174877 67
175005 70
175122 62
175238 79 67
175458 62
175528 43
175574 67
175702 70
175795 62
175911 79 67
176027 70
176086 62
176271 57 50 74 77 70
176399 62
176515 65
176597 57
176737 62
176969 62 57 50 65
177190 62
177294 57
177364 65 50
177422 77
177503 65 62 50
177630 57
177712 53
177863 50 62 57
178083 63 75 58 79
178142 51
178246 63
178420 51 75
178526 67 63
178619 51
178758 51 63
178978 79 51 75 67 58
179165 63
179316 79 51 63 75
179420 67 70 58
179524 63
179803 63
179896 72 53 60
180023 65
180104 41
180221 65
180337 69 72
180418 65
180558 53 65 69
180779 60 53
180930 65
181081 63
181116 65
181197 41 69
181232 60
181453 74 65
181650 55 43 62
181685 65
182011 67 55 65
182126 70 62
182230 67
182358 62
182474 67
182580 70 43 65 55 62
182917 67 65 55
183021 70 62
183266 67
183440 50
183486 43 57
183602 62
183637 50
183846 62
183950 65 69
184054 62
184194 70 62 50 65
184415 57
184520 62 50
184752 62
184857 57 69 65
184985 62
185275 58
185310 62
185415 51 58
185553 63 51
185751 67 70 63 58 51
185983 67 70 51 63
186192 70 58 51
186354 63
186460 79
186542 63
186657 70 58 67
186727 63
186878 51
187006 63
187133 77 65 70 53 72
187203 60
187343 65
187505 67
187598 69
187633 41
187830 65 79 77
188051 69
188144 67
188295 65 53
188423 60
188564 41
188738 51 67 70 79
189004 51
189108 62
189202 67
189318 70
189365 51
189480 62
189573 67
189690 70
189724 51
189841 62
189945 70 58 55 51
190049 62
190166 67
190281 70
190432 62
190515 67
190607 70
190747 62
190840 41 53
190991 41 70
191223 70
191270 41
191374 60 70
191572 70 53 65
191803 57 60 53
192036 65
192175 70 51
192315 70 65
192490 70 60
192722 55 43 70
192873 43
193094 79 55
193198 43
193419 65 55
193651 62 70
193778 58
194116 62
194220 77 70
194465 77
194581 50
194814 74
194882 50
195069 74 50
195185 77
195301 74 50 62
195533 62 50 57 53
195696 65
195847 77
195974 62 74
196451 79 51
196695 79
196812 58 51
197160 58 51
197311 74
197369 67 58 63 51
197590 58 63
197728 51
197822 55
198007 51
198100 46
198321 46 51 41
198798 77
199007 53
199181 74
199240 65 69 60 53 41
199367 74
199483 70 65
199611 60 53
199646 70
199739 41
199947 65 48 41
200168 67 48
200261 43
200307 79
200494 55
200622 77
200854 67 55 43
201087 70 67 62
201307 70 67 55
201435 62
201527 58
201678 43 55
201772 50
201841 43
201935 50
202027 43
202085 55
202143 79 50
202352 50
202446 43 77
202690 74 77 50
202933 53 57 62 50
203190 62 53
203224 50
203271 57
203410 50
203549 45
203619 50
203851 79 46 67
204072 46
204106 63 67
204211 79 75
204316 51
204572 63 72
204606 51
204770 75 63
205001 67 51
205152 63 79 67
205233 51
205466 51
205547 58
205687 41 69
205745 48
205838 41
206163 51 70
206197 53
206244 41
206362 69 57 53
206617 53
206687 48 41 51
206838 69
206872 48
207070 48
207127 41
207278 60 65 57 41
207488 74 79
207557 43
207777 67 62
207871 58
207964 79
207998 43
208230 67 58 62
208312 43
208441 43
208580 43
208662 67
208766 58 79
208836 43
209010 43
209126 70 67
209370 43
209427 50
209660 62
209729 50 70
209857 62 45
210043 77 50 70 45 65 57 62
210275 45 65 50
210312 62
210497 45 62 57 50 65
210775 62
210973 70
211182 67 46 79 51
211472 46
211565 70
211681 46 51
211925 74 46 51
211995 70
212135 70 51 63 67
212530 46
212635 51
212844 70
213076 51 41 48
213239 41
213564 69 41
213796 53 67 41 48
213889 57
214248 57 69
214563 48
214610 41
214691 79 70 46
214935 51 41
215167 67
215225 79
215399 70
215631 62 70 58
215840 48 67
215887 41
216061 70
216282 62 51
216411 58
216526 67
216596 43
216747 55
216875 43
217095 43
217142 67
217189 51 70
217455 72 62 43
217571 58
217676 67
217908 58 70
218140 58 72 62 70
218362 67 58
218571 41 53 70
218722 41
218815 65
219024 69
219268 60 57 70 53
219489 65 53
219697 57 65
219941 53 60 70 57 65
220162 65
220430 72
220476 43
220650 55
220697 79
220825 70 43
221069 58 72 70 62 43
221254 58
221313 67
221532 70
221753 70 62 43
221870 58
222206 77 58 70 74
222277 51
222440 58
222498 62
222661 58 67
222904 63 51
223113 62 58 43
223333 67
223543 70 51
223752 62 74
223787 58
223983 65 55 46
224205 43 62 72 65
224241 51
224449 62 70
224519 46
224658 55 62 65 43
224902 62 65
224938 72
225123 55 70
225332 55 62 43 65
225564 70 62 43
225796 65 72 53 70
226005 65
226052 60 53
226227 69
226343 41
226460 65 53
226680 69 65 60
226889 69 41
227144 65 53 70
227365 65 60
227574 79 72 55 65 53
227795 69 65 62 43
228027 67 55 70
228073 41
228249 65 55 43
228457 69 43 65 62
228678 67 60 70 55
228911 62 65 55
229143 62 55 65
229375 55 74 70
229421 51
229619 58
229816 74 58 67
230025 63 74 58 51
230281 51 58
230491 67 51
230712 58 51
230944 58 51
231175 67 46 65 55 51
231373 43 62 65
231443 72
231617 70 55 62
231838 65 70 55
232070 72 65 62
232280 74 70
232512 55 65 62
232581 43
232732 70 65 62
233789 70 65
234126 70
234522 70
234812 67 55 79 43
234870 62
234975 67
235079 69
235230 67
235381 62 55
235486 70
235614 62
235729 79
235822 70
235939 62
236101 43 79
236590 55
236624 62
236682 79
236985 55 67
237205 67
237287 70
237368 74 62
237519 79 55
237612 70
237727 62
238041 43
238472 55
238774 67
238831 50
238937 55
239354 50
240133 55
240412 70
240528 67
240632 79
241178 50
241364 79
241666 50
242329 62
242526 79
242932 67
244083 43 67
244408 70
244849 50
245395 62 69
