0 48
186 72 60
372 48
466 72
559 60 70
652 72
745 48
931 60 72
1118 48
1211 72
1304 70 60
1397 72
1490 48
1677 60 72
1863 48
1956 72
2049 60 70
2143 72
2236 48
2422 60 72
2515 75
2608 65 53 77
2795 65 75
2888 77
2981 48
3167 60 72
3354 48
3447 72
3540 70 60
3633 72
3726 48
3913 72 60
4099 48
4192 72
4285 60 70
4379 72
4472 48
4658 72 60
4844 48
4938 72
5031 70 60
5124 72
5217 77 65 53 60
5403 75
5497 77
5590 51 75 63 60
5683 72
5776 70
5869 72
5962 48 60
6149 60 72 67
6335 48
6428 72 67
6521 60 70
6615 72
6708 48 60
6894 60 72 67
7080 48
7174 72 67
7267 60 70
7360 72
7453 48 60
7639 60 67 72
7826 48
7919 67 72
8012 70 60
8105 72
8198 48 60
8385 72 63 51
8478 75
8571 77 65 60 53
8757 75
8851 77
8944 48 60
9130 60 72 67
9316 48
9410 72 67
9503 60 70
9596 72
9689 60 48
9875 72 67 60
10062 48
10155 67 72
10248 70 60
10341 72
10434 48 60
10621 67 72 60
10714 70
10807 48 72 67
10993 60
11180 77 60 65 53
11366 77
11552 51 60 63 75
11925 72 60 48
12111 60 74
12298 48 75
12484 60 77
12670 60 79
12857 60
12950 55 60
13043 72
13229 51 70
13416 67 60 48 79
13602 60
13695 63
13788 72 67
13975 63
14161 60 48 79
14347 77 55
14534 46 75 58
14720 74
14906 72 56
15093 63 68 60 74
15279 56 75
15465 60 63 77
15652 56 79
15838 56
15931 60 68 63
16024 77
16211 75 56
16304 63
16397 65 58 74 46 70
16583 70 62 72 65
16770 74 62
16956 58 75
17142 62 74 59 67
17329 67 72 55
17515 71 55 67
17701 74
17888 48 72
18074 74 63 55 60
18261 48 75
18447 55 77 63 60
18633 60 48 79
18820 60
18913 72 67
19006 72
19192 70 60
19379 60 79 48
19565 60
19658 72 63
19751 72 67
19938 63
20031 67
20124 79 48
20310 60 55 77
20497 46 75 58
20683 74
20869 72 56
21056 74 63 60
21149 56
21242 75 63 68
21428 77 56 63
21615 79 56
21801 60 63
21894 56
21987 63 68 77
22174 75 63 56
22360 74 65 58 70
22546 62 65
22733 75 58
23105 71 77 55 59 67
23292 67 59 55
23478 59 65 53 79
23851 48 72
23944 55
24037 60 74
24130 63
24223 75 72
24316 72
24410 70 77
24503 72
24596 79 48
24689 55
24782 60
24875 63
24969 60 72
25062 60
25155 55 70
25248 48
25341 48 79
25434 55
25528 60
25621 63
25714 72
25807 60
25900 55
25993 48
26087 48 79
26180 55
26273 77 60
26459 75 58 46
26646 74 53
26832 56 72
26925 51
27018 56 74
27111 60
27205 68 75
27298 60
27391 56 77
27484 60
27577 79 56
27670 51
27764 56
27857 60
27950 68 77
28136 75 65
28323 74 46
28416 53
28509 65 72
28602 62
28695 74 70
28882 75
29068 47 74 55 59
29254 72
29441 71 55 53
29627 74
29813 48 72
29906 55
30000 74 60
30093 63
30186 75 72
30279 60
30372 55 77
30465 48
30559 79 48
30652 55
30745 60
30838 63
30931 72
31024 60
31118 55 70
31211 48
31304 48 79
31397 55
31490 60
31583 63
31677 72
31770 60
31863 55
31956 48
32049 48 79
32236 55 77
32422 75 53 58 65
32608 74
32795 56 72
32888 51
32981 74 56
33074 60
33167 75 68
33260 60
33354 77 56
33447 51
33540 79 56
33633 51
33726 56
33819 60
33913 77 63
34006 60
34099 75 56
34192 51
34285 70 53 65 77 58 62 74
34658 58 65 62 75 53
35031 55 67 59 77
35403 55 79
35776 56 63 51 70
35962 72
36149 60 67 63
36335 56 65
36521 67 63 60
36708 56
36894 65
37080 63 60 67
37267 65 70 46
37453 46 72
37639 62 58 50 67 53
37826 65 46
38012 67 62 53 50 58
38198 46
38385 65
38571 50 67 53
38757 65 48
38944 63
39130 55 51 62
39316 58 48
39503 60 51 55
39689 48
39782 48
39875 58 55 51
40062 60 48 55
40248 62 48
40434 63
40621 65 51 55
40807 48 67
40993 55 51 60
41180 48
41366 46 65 58
41552 67
41739 51 70 56 63
41925 72
42111 51 48 60 67
42298 56 65
42484 48 56 67 60
42670 56
42764 51 48
42857 65
43043 67 56
43229 65 46 58 70
43416 72
43602 58 67 50 53 62
43788 58 65
43975 67 62 50 58 53
44161 46
44254 58
44347 67 72 46
44534 70 74
44720 72 48 55 75
44906 74 70
45093 55 60 72 67
45279 48 72
45465 63 67
45652 48
45838 65 55 51 60
46024 67
46211 60 65 48 55
46397 63
46583 58 53 62 46
46770 58
46956 48 60
47142 55
47329 65 77
47515 79 67
47701 70 51 63 56
47888 72
48074 63 79 68 60
48260 56 77
48447 63 68 79 72
48633 56
48819 60 68 63 77
49006 56 79
49192 70 65 58 53
49378 72
49565 70 65 79 62
49751 58 77
49937 65 74 79 70
50124 58
50310 62 65 77 70
50496 79 58
50683 60 48 77
50869 75 55
51055 63 74 67
51242 70 60
51428 67 72 63
51614 60
51801 63 67 70
51987 72 60
52173 74 48 60
52360 75 55
52546 77 60
52732 79 67
52919 60 72
53105 63
53291 46 77 58
53478 79
53664 70 51 63 56
53850 72
54037 60 79 63 68
54223 56 77
54409 79 68 63 72
54596 56
54782 68 63 60 77
54968 79 56
55155 58 65 70 53
55341 72
55528 62 70 65 79
55714 77 58
55900 79 70 74 65
56087 58
56273 75 79 62 70 65 72
56459 58 74
56646 75 55 48 60 79
56832 74
57018 72
57205 70
57391 79
57577 63 67 72
57764 77
57950 63 67 79 72
58136 77
58323 60 75 67 63
58509 55 74
58695 70
58882 72 65 53
59254 51 63
59627 60 48
59813 67 60 72
60000 48
60093 67 72
60186 70 60
60279 72
60372 48 60
60559 60 67 72
60745 48
60838 67 72
60931 70 60
61024 72
61118 60 48
61304 72 60 67
61490 48
61583 72 67
61677 70 60
61770 72
61863 60 48
62049 72 63 51
62142 75
62236 65 60 77 53
62422 63 51 75
62515 77
62608 60 48
62795 72 67 60
62981 48
63074 72 67
63167 60 70
63260 72
63354 60 48
63540 72 67 60
63726 48
63819 67 72
63913 60 70
64006 72
64099 60 48
64285 67 60 72
64472 48
64565 72 67
64658 70 60
64751 72
64844 65 60 53 77
65031 75
65124 77
65217 51 75 60 63
65403 72
65496 75
65590 60 48
65776 67 72 60
65962 48
66055 72 67
66149 70 60
66242 72
66335 48 60
66521 67 72 60
66708 48
66801 72 67
66894 70 60
66987 72
67080 60 48
67267 72 60 67
67453 48
67546 67 72
67639 70 60
67732 72
67826 60 48
68012 51 72 63
68105 75
68198 65 53 60 77
68385 51 75 63
68478 77
68571 48 60
68757 72 67 60
68944 48
69037 67 72
69130 60 70
69223 72
69316 48 60
69503 67 72 60
69689 48
69782 67 72
69875 60 70
69968 72
70062 60 48
70248 67 72 60
70434 48
70527 72 67
70621 70 60
70714 72
70807 60 77 53 65
70993 77
71180 60 63 51 75
71552 48 72
71645 55
71739 60 74
71832 63
71925 72 75
72018 60
72111 77 55
72204 48
72298 48 79
72391 55
72484 60
72577 63
72670 72
72763 60
72857 70 55
72950 48
73043 48 79
73136 55
73229 60
73322 63
73416 72
73509 60
73602 55
73695 48
73788 79 48
73882 55
73975 60 77
74161 58 46 75
74347 74 53
74534 56 72
74627 51
74720 74 56
74813 60
74906 75 68
75000 60
75093 56 77
75186 51
75279 79 56
75372 51
75465 56
75559 60
75652 77 68
75745 60
75838 56 75
75931 51
76024 74 46
76118 53
76211 58 72
76304 62
76397 74 65
76583 75
76770 74 67 47 55 59
76956 72
77142 71 55
77329 74
77515 48 72
77608 55
77701 60 74
77795 63
77888 75 72
77981 60
78074 55 77
78167 48
78260 79 48
78354 55
78447 60
78540 63
78633 72
78726 60
78819 55 70
78913 48
79006 79 48
79099 55
79192 60
79285 63
79378 72
79472 60
79565 55
79658 48
79751 48 79
79844 55
79937 77 60
80124 75 58 46
80310 74 53
80496 56 51 63 72
80683 74
80869 60 63 75 68
81055 56 77
81242 79 72 63 68
81428 56
81614 77 68 60 63
81801 75 56
81987 65 58 74 70 46
82173 70 65
82360 75 53
82546 58
82732 77 74 55 71
83105 67 79 55
83404 56
83439 63
83478 70 68
83664 72
83850 79
84037 77
84223 79 60 56 63
84596 77
84782 79
84968 70 46 53 50 58
85155 72
85341 79
85527 77
85714 58 53 79 62
86086 77
86273 79
86459 55 51 77 48
86645 75
86832 74
87018 70
87204 72 63 67
87577 70
87763 72
87950 48 55 74 51 60
88136 75
88322 55 63 60 77
88509 79
88695 72 67 63
89068 48 77 55 51
89254 79
89440 51 56 48 70
89627 72
89813 79
89999 77
90186 79 63 60 68 56
90558 77
90745 79 56 51
90931 53 70 46 58
91117 72
91304 79
91490 77
91676 79 70 65 62
92049 72 79
92235 70 74 58 53
92422 75 60 55 48 72
92608 74 70
92795 79 72
92981 75 70
93167 67 63 72 79
93540 77
93726 79
93913 77 60 55 48
94099 75
94285 74
94472 70
94658 72 60
95031 51 55 48 77
95217 79
95403 51 70 48 56
95590 72
95776 68 63 60 79
95962 77
96149 75 72 79
96335 68
96521 77 60
96708 79
96894 58 70 53 46
97080 72
97267 70 65 62 79
97453 77
97639 79 70 74 77
97826 70
98012 77 58
98198 79
98385 55 60 77 48
98571 75
98757 60 74 63 67
98944 70
99130 75 72
99316 72
99503 63 67 70 60
99689 72
99875 74 48
100062 75
100248 60 67 63
100434 77
100527 79
100621 72 67
100807 63
100993 46 58
101180 77
101273 79
101366 51 70 56
101552 72
101739 79 60 63 68
101925 77
102111 72 75 79
102298 63
102484 77 56
102670 79
102857 70 46 53
103043 72
103229 79 62 65 70
103416 58 77
103602 77 74 70 79
103788 58
103975 70 72 65 62
104161 74
104347 55 75 72 48 60
104534 74
104720 72
104906 70
105093 79 72 63 67
105465 77
105652 79
105838 63 77 60 67
106024 75
106211 74
106397 70
106583 53 65 72
106956 51 63
107329 60 67 48 72
107515 60
107608 67 72
107701 48
107888 58 70 65
108074 67 48 72 60
108260 60
108353 67 72
108447 48
108633 70 65 58
108819 67 48 72 60
109006 60
109099 67 72
109192 48
109378 58 65 70
109565 72 48 60
109751 63 51 75
109937 65 77 53
110124 51 63 75
110310 48 60
110496 72 60 67
110683 48
110869 70 60 65
110962 72 67
111055 48 60
111242 60 67 72
111428 48
111614 65 60 70
111708 67 72
111801 60 48
111987 60 72 67
112173 48
112360 70 65 60
112453 72 67
112546 53 77 72 65
112732 75 53 65
112826 77
112919 75 51 63
113105 51 63 72
113198 75
113291 48 60
113478 72 67 60
113664 48
113850 60 70 65
114037 72 60 67 48
114223 60
114316 72 67
114409 48
114596 70 65 60
114782 67 48 60 72
114968 60
115062 67 72
115155 48
115341 60 70 65
115527 72 60 48
115714 51 75 63
115900 65 53 77
116086 51 75 63
116273 48 72 60 67
116459 60
116552 72 67
116645 48
116832 65 60 70
117018 48 60 67 72
117204 60
117298 67 72
117391 48
117577 70 60 65
117763 72 48 67 60
117950 60
118136 72 67 74 48
118322 60
118509 48 75 63 67
118695 60
118881 65 77 48
119068 60
119196 55 60
119233 63 72 67
119433 74
119619 75
119805 77
119992 72 63 67 79 75
120364 72
120551 70
120737 79 72 63 75 67
121110 72
121482 48 79 60 51
121669 77 51
121762 60
121855 75 46
122041 74 53
122135 58
122228 51 60 56 63 72
122414 74
122600 75
122787 77
122973 72 60 79 63 68
123346 77
123532 75
123718 58 70 65 46 74
123905 72
124091 74
124277 75
124464 55 74 47
124650 72 59
124836 71 55
125023 55 74
125209 72 55 67 63 60
125395 74
125582 75
125768 77
125954 67 63 79 75
126327 72
126513 70
126700 79 72 67 75
127072 72
127259 48
127445 55 63 79
127631 77
127818 75 58 46
128004 74
128190 72 51 48 56
128377 74
128563 75
128749 56 77
128936 79 60 63 68
129308 56 51 77
129495 75
129681 74 77 46 58
130054 58 75 53
130240 46
130426 55 74 71 77
130799 67 79 62 71
130985 55
131172 51 70 63 56
131358 72
131544 79
131731 77 63 68
131917 72 79 75
132103 56
132290 56 77
132476 51 79
132662 70 46 53 58
132849 72
133035 79
133221 58 77
133408 62 70 79 65
133594 58
133780 77 46
133967 79 53
134153 60 48 77
134339 75
134526 74
134712 70 60
134898 67 72 63
135085 48
135178 60
135271 70
135457 72 48 55
135644 48 60 74
135830 75 67
136016 77
136203 79
136389 72 63 60
136575 48
136762 58 77 46
136948 79
137134 51 70 56
137321 72
137507 79
137693 77 56
137880 67 79 63 72
138066 56
138159 60 63 68
138252 77
138439 56 79
138625 58 70 46
138811 72
138998 79
139184 58 77
139370 65 74 79 70
139557 46
139650 53 58
139743 79 72
139929 74 46
140116 79 75 60 48 55
140302 74 67
140488 67 60 72
140675 70
140861 67 72 75 79
141048 60
141141 60
141234 77 72
141420 79
141607 48 55 60 77
141793 75
141979 74 48
142166 70
142352 48 72
142538 60 55
142725 77
142911 79
143097 48 51 70 63 56
143284 72
143470 79
143656 77
143843 68 79 63 60
144215 77
144402 79
144553 50 53
144588 58 70 65
144772 72
144959 79
145145 77
145331 65 70 79 62
145704 77
145890 79
146077 60 51 77 48 55
146263 75
146449 74
146636 60 70
146822 72 67 63
147195 70
147381 72
147567 60 55 51 74 48
147754 75
147940 77 63
148126 79
148313 63 67 60 72
148685 58 46 77
148872 79
149058 48 56 70 51
149244 72
149431 79 56
149617 77 56
149803 63 68 60 79
150176 77
150362 79
150549 53 70 46
150735 72
150921 79
151108 53 77
151294 70 79 62 65
151667 72
151853 74
152039 55 79 60 75 48
152226 74
152412 72
152598 70
152785 72 79 67 63
153157 77
153344 79
153530 60 67 77 63 72
153716 75
153903 74
154089 70
154275 72 65 53
154648 63 51
155021 67 72 55 60 48
155300 55 67 72 48 60
155580 58 53 46 70 65
155766 48 72 67 60 55
156046 67 60 72 48 55
156325 65 70 46 58 53
156511 60 48 55 67 72
156791 67 60 72 48 55
157070 70 65 53 46 58
157257 48 60 72
157443 51 75 63
157629 65 53 77
157816 75 51 63
158002 72 55 60 48 67
158282 48 60 67 72 55
158561 70 53 46 65 58
158747 55 60 48 72 67
159027 55 48 72 67 60
159306 53 70 58 65 46
159493 51 56 72 67
159772 72 67 56 51
160052 65 51 56 70
160238 67 46 65 72 58
160424 46
160611 58 65 70 74 62
160797 53
160983 60 72 79 48
161170 67
161263 79 72
161356 67
161542 70 60
161729 48 79 60 72
161915 67
162008 79 72
162101 67
162288 70 60
162474 48 60 79 72
162660 67
162754 79 72
162847 67
163033 60 70
163219 60 72 48
163406 51 63 75
163592 53 77 65
163778 75 51 63
163965 72 56 79
164151 63
164244 68 72 79
164337 63
164524 56 70
164710 56 72 79
164896 63
164990 68 72 79
165083 63
165269 56 70
165455 46 72 79 58
165642 65
165735 70
165828 65
166014 72 58 79
166201 65 77 53
166387 51 63 75
166573 60 72 48
166760 51 75 63
166946 48 72 79
167226 79 48 60 55 72 51
167505 70
167691 55 48 60 72 79
167971 60 55 79 48 72
168250 70 46 58
168437 60 72 55 79 48
168623 60 72
168809 55 67 79
168996 58 72 70
169182 65 53 77
169368 70
169555 75 63 51
169741 79
169927 60 75 48
170114 79 51 63
170300 46 58 70
170486 75 48 60
170673 67 55 79
170859 46 72 58
171045 65 77 51
171232 70 55
171418 72 60 48
171605 77 53 65
171791 46 70 58
171977 51 60 72
172164 53 65 55
172350 58 70 48
172536 53 48 60
172723 46 53 65
172909 60 48 55
173188 60 48 55
173468 58 46
173654 48 55 60
173934 60 48 55
174213 46 58
174400 60 48
174586 55
174632 58
174679 60
174726 67
174772 60 72 48
174833 77
174896 79
174960 72
175024 77
175087 79
175154 60 72 48
175526 60 48
