0 56
125 56
250 68
500 63
875 62
1125 61
1375 59
1625 56
1750 59
1875 61
2000 54
2125 54
2250 68
2500 63
2875 62
3125 61
3375 59
3625 56
3750 59
3875 61
4000 53
4125 53
4250 68
4500 63
4875 62
5125 61
5375 59
5625 56
5750 59
5875 61
6000 52
6125 52
6250 68
6500 63
6875 62
7125 61
7375 59
7625 56
7750 59
7875 61
8000 56
8125 56
8250 68
8500 63
8875 62
9125 61
9375 59
9625 56
9750 59
9875 61
10000 54
10125 54
10250 68
10500 63
10875 62
11125 61
11375 59
11625 56
11750 59
11875 61
12000 53
12125 53
12250 68
12500 63
12875 62
13125 61
13375 59
13625 56
13750 59
13875 61
14000 52
14125 52
14250 68
14500 63
14875 62
15125 61
15375 59
15625 56
15750 59
15875 61
16000 56 44
16125 56
16250 68 44
16500 63 44
16625 44
16875 62 44
17125 61 44
17375 59 44
17500 44
17625 56 44
17750 59 44
17875 61
18000 54 42
18125 54
18250 68 42
18500 63 42
18625 42
18875 62 42
19125 61 42
19375 59 42
19500 42
19625 56 42
19750 59 42
19875 61
20000 53 41
20125 53
20250 68 41
20500 63 41
20625 41
20875 62 41
21125 61 41
21375 59 41
21500 41
21625 56 41
21750 59 41
21875 61
22000 52 40
22125 52
22250 68 40
22500 63 40
22625 40
22875 62 42
23125 61 42
23375 59 42
23500 42
23625 56 42
23750 59 42
23875 61
24000 56 44
24125 56
24250 68 44
24500 63 44
24625 44
24875 62 44
25125 61 44
25375 59 44
25500 44
25625 56 44
25750 59 44
25875 61
26000 54 42
26125 54
26250 68 42
26500 63 42
26625 42
26875 62 42
27125 61 42
27375 59 42
27500 42
27625 56 42
27750 59 42
27875 61
28000 53 41
28125 53
28250 68 41
28500 63 41
28625 41
28875 62 41
29125 61 41
29375 59 41
29500 41
29625 56 41
29750 59 41
29875 61
30000 52 40
30125 52
30250 68 40
30500 63 40
30625 40
30875 62 42
31125 61 42
31375 59 42
31500 42
31625 56 42
31750 59 42
31875 61
32000 44
32250 44
32500 44
32625 44
32875 44
33125 44
33375 44
33500 44
33625 44
33750 44
34000 42
34250 42
34500 42
34625 42
34875 42
35125 42
35375 42
35500 42
35625 42
35750 42
36000 41
36250 41
36500 41
36625 41
36875 41
37125 41
37375 41
37500 41
37625 41
37750 41
38000 40
38250 40
38500 40
38625 40
38875 42
39125 42
39375 42
39500 42
39625 42
39750 42
40000 44
40250 44
40500 44
40625 44
40875 44
41125 44
41375 44
41500 44
41625 44
41750 44
42000 42
42250 42
42500 42
42625 42
42875 42
43125 42
43375 42
43500 42
43625 42
43750 42 78
44000 41
44250 41
44500 41
44625 41
44750 78
44875 41
45125 41
45250 77
45375 41
45500 41 78
45625 41 73
45750 41 78
45875 73
46000 40 71
46250 40 73
46375 76
46500 40
46625 40
46875 42
47125 42
47375 42
47500 42
47625 42
47750 42
48000 40
48250 40
48500 40
48625 40
48875 40
49125 40
49375 40
49500 40
49625 40
49750 40
50000 42
50250 42
50500 42
50625 42
50875 42
51125 42
51375 42
51500 42
51625 42
51750 42
52000 44
52250 44
52500 44
52625 44
52875 44
53125 44
53375 44
53500 44
53625 44
53750 44
54000 43
54250 43
54500 43
54625 43
54875 45
55125 45
55375 45
55500 45
55625 45
55750 45
56000 40 71
56250 40 73
56500 40 75
56625 40
56875 40
57125 40
57375 40
57500 40
57625 40
57750 40
58000 42
58250 42
58500 42
58625 42
58875 42
59125 42
59375 42
59500 42
59625 42
59750 42
60000 44
60250 44
60500 44
60625 44
60875 44
61125 44
61375 44
61500 44
61625 44
61750 44
62000 43 79
62250 43
62500 43
62625 43
62875 45
63125 45
63375 45
63500 45
63625 45
63750 45
64000 40
64250 40
64500 40
64625 40
64875 40
65125 40
65375 40
65500 40
65625 40
65750 40
66000 42
66250 42
66500 42
66625 42
66875 42
67125 42
67375 42
67500 42
67625 42
67750 42
68000 44
68250 44
68500 44
68625 44
68875 44
69125 44
69375 44
69500 44
69625 44
69750 44
70000 43
70250 43
70500 43
70625 43
70875 45
71125 45
71375 45
71500 45
71625 45
71750 45
72000 40 71
72250 40 73
72500 40 75
72625 40
72875 40
73125 40
73375 40
73500 40
73625 40
73750 40
74000 42
74250 42
74500 42
74625 42
74875 42
75125 42
75375 42
75500 42
75625 42
75750 42
76000 44
76250 44
76500 44
76625 44
76875 44
77125 44
77375 44
77500 44
77625 44
77750 44
78000 43 79
78250 43
78500 43
78625 43
78875 45
79125 45
79375 45
79500 45
79625 45
79750 45
80000 40
80250 40
80500 40
80625 40
80875 40
81125 40
81375 40
81500 40
81625 40
81750 40
82000 42
82250 42
82500 42
82625 42
82875 42
83125 42
83375 42
83500 42
83625 42
83750 42
84000 41
84250 41
84500 41
84625 41
84875 41
85125 41
85375 41
85500 41
85625 41
85750 41
86000 41
86250 41
86500 41
86625 41
86875 41
87125 41
87375 41
87500 41
87625 41
87750 41
88000 40
88250 40
88500 40
88625 40
88875 40
89125 40
89375 40
89500 40
89625 40
89750 40
90000 42
90250 42
90500 42
90625 42
90875 42
91125 42
91375 42
91500 42
91625 42
91750 42
92000 44
92250 44
92500 44
92625 44
92875 44
93125 44
93375 44
93500 44
93625 44
93750 44
94000 44
94250 44
94500 44
94625 44
94875 44
95125 44
95375 44
95500 44
95625 44
95750 44
96000 56 40
96125 56
96250 68 40
96500 63 40
96625 40
96875 62 40
97125 61 40
97375 59 40
97500 40
97625 56 40
97750 59 40
97875 61
98000 54 42
98125 54
98250 68 42
98500 63 42
98625 42
98875 62 42
99125 61 42
99375 59 42
99500 42
99625 56 42
99750 59 42
99875 61
100000 53 41
100125 53
100250 68 41
100500 63 41
100625 41
100875 62 41
101125 61 41
101375 59 41
101500 41
101625 56 41
101750 59 41
101875 61
102000 53 41
102125 53
102250 68 41
102500 63 41
102625 41
102875 62 41
103125 61 41
103375 59 41
103500 41
103625 56 41
103750 59 41
103875 61
104000 52 40
104125 52
104250 68 40
104500 63 40
104625 40
104875 62 40
105125 61 40
105375 59 40
105500 40
105625 56 40
105750 59 40
105875 61
106000 54 42
106125 54
106250 68 42
106500 63 42
106625 42
106875 62 42
107125 61 42
107375 59 42
107500 42
107625 56 42
107750 59 42
107875 61
108000 56 44
108125 56
108250 44
108500 44 78
108875 44 75 78
109125 44 78
109375 44 75
109625 73
109750 75
109875 78
110000 44
110250 44
110500 44 78
110875 44 75 78
111125 44 78
111375 44 75
111625 73
111750 75
111875 78
112000 40
112250 40
112500 40
112625 40
112875 40
113125 40
113375 40
113500 40
113625 40
113750 40
114000 42
114250 42
114500 42
114625 42
114875 42
115125 42
115375 42
115500 42
115625 42
115750 42
116000 44
116250 44
116500 44
116625 44
116875 43
117125 43
117375 43
117500 43
117625 43
117750 43
118000 42
118250 42
118500 42
118625 42
118875 41
119125 41
119375 41
119500 41
119625 41
119750 41
120000 40
120250 40
120500 40
120625 40
120875 40
121125 40
121375 40
121500 40
121625 40
121750 40
122000 42
122250 42
122500 42
122625 42
122875 42
123125 42
123375 42
123500 42
123625 42
123750 42
124000 44
124250 44
124500 44
124625 44
124875 44
125125 44
125375 44
125500 44
125625 44
125750 44
126000 44
126250 44
126500 44
126625 44
126875 44
127125 44
127375 44
127500 44
127625 44
127750 44
128000 40
128250 40
128500 40
128625 40
128875 40
129125 40
129375 40
129500 40
129625 40
129750 40
130000 42
130250 42
130500 42
130625 42
130875 42
131125 42
131375 42
131500 42
131625 42
131750 42
132000 44
132250 44
132500 44
132625 44
132875 43
133125 43
133375 43
133500 43
133625 43
133750 43
134000 42
134250 42
134500 42
134625 42
134875 41
135125 41
135375 41
135500 41
135625 41
135750 41
136000 40
136250 40
136500 40
136625 40
136875 40
137125 40
137375 40
137500 40
137625 40
137750 40
138000 42
138250 42
138500 42
138625 42
138875 42
139125 42
139375 42
139500 42
139625 42
139750 42
140000 56 44
140125 56
140250 68 44
140500 63 44
140625 44
140875 62 44
141125 61 44
141375 59 44
141500 44
141625 56 44
141750 59 44
141875 61
142000 56 44
142125 56
142250 68 44
142500 63 44
142625 44
142875 62 44
143125 61 44
143375 59 44
143500 44
143625 56 44
143750 59 44
143875 61
144000 52
144125 52
144250 68
144500 63
144875 62
145125 61
145375 59
145625 56
145750 59
145875 61
146000 54
146125 54
146250 68
146500 63
146875 62
147125 61
147375 59
147625 56
147750 59
147875 61
148000 56
148125 56
148250 68
148500 63
148875 62
149125 61
149375 59
149625 56
149750 59
149875 61
150000 56
150125 56
150250 68
150500 63
150875 62
151125 61
151375 59
151625 56
151750 59
151875 61
152000 52
152125 52
152250 68
152500 63
152875 62
153125 61
153375 59
153625 56
153750 59
153875 61
154000 54
154125 54
154250 68
154500 63
154875 62
155125 61
155375 59
155625 56
155750 59
155875 61
156000 56
156125 56
156250 68
156500 63
156875 62
157125 61
157375 59
157625 56
157750 59
157875 61
158000 54
158125 54
158250 68
158500 63
158875 62
159125 61
159375 59
159625 56
159750 59
159875 61
160000 53
160125 53
160250 68
160500 63
160875 62
161125 61
161375 59
161625 56
161750 59
161875 61
162000 52
162125 52
162250 68
162500 63
162875 62
163125 61
163375 59
163625 56
163750 59
163875 61
164000 56
164125 56
164250 68
164500 63
164875 62
165125 61
165375 59
165625 56
165750 59
165875 61
166000 54
166125 54
166250 68
166500 63
166875 62
167125 61
167375 59
167625 56
167750 59
167875 61
168000 53
168125 53
168250 68
168500 63
168875 62
169125 61
169375 59
169625 56
169750 59
169875 61
170000 52
170125 52
170250 68
170500 63
170875 62
171125 61
171375 59
171625 56
171750 59
171875 61
172000 56
172125 56
172250 68
172500 63
172875 62
173125 61
173375 59
173625 56
173750 59
173875 61
174000 54 78
174125 54 78
174250 68
174500 63
174875 62
175125 61
175375 59
175625 56
175750 59
175875 61
176000 53 77
176125 53 77
176250 68
176500 63
176875 62
177125 61
177375 59
177625 56
177750 59
177875 61
178000 52 76
178125 52 76
178250 68
178500 63
178875 62
179125 61
179375 59
179625 56
179750 59
179875 61
180000 56
180125 56
180250 68
180500 63
180875 62
181125 61
181375 59
181625 56
181750 59
181875 61
182000 54 78
182125 54 78
182250 68
182500 63
182875 62
183125 61
183375 59
183625 56
183750 59
183875 61
184000 53 77
184125 53 77
184250 68
184500 63
184875 62
185125 61
185375 59
185625 56
185750 59
185875 61
186000 52 76
186125 52 76
186250 68
186500 63
186875 62
187125 61
187375 59
187625 56
187750 59
187875 61
188000 44
188250 44
188500 44
188625 44
188875 44
189125 44
189375 44
189500 44
189625 44
189750 44
190000 42
190250 42
190500 42
190625 42
190875 42
191125 42
191375 42
191500 42
191625 42
191750 42
192000 41
192250 41
192500 41
192625 41
192875 41
193125 41
193375 41
193500 41
193625 41
193750 41
194000 40
194250 40
194500 40
194625 40
194875 42
195125 42
195375 42
195500 42
195625 42
195750 42
196000 44
196250 44
196500 44
196625 44
196875 44
197125 44
197375 44
197500 44
197625 44
197750 44
198000 42
198250 42
198500 42
198625 42
198875 42
199125 42
199375 42
199500 42
199625 42
199750 42 78
200000 41
200250 41
200500 41
200625 41
200750 78
200875 41
201125 41
201250 77
201375 41
201500 41 78
201625 41 73
201750 41 78
201875 73
202000 40 71
202250 40 73
202375 76
202500 40
202625 40
202875 42
203125 42
203375 42
203500 42
203625 42
203750 42
204000 40
204250 40
204500 40
204625 40
204875 40
205125 40
205375 40
205500 40
205625 40
205750 40
206000 42
206250 42
206500 42
206625 42
206875 42
207125 42
207375 42
207500 42
207625 42
207750 42
208000 44
208250 44
208500 44
208625 44
208875 44
209125 44
209375 44
209500 44
209625 44
209750 44
210000 43
210250 43
210500 43
210625 43
210875 45
211125 45
211375 45
211500 45
211625 45
211750 45
212000 40 71
212250 40 73
212500 40 75
212625 40
212875 40
213125 40
213375 40
213500 40
213625 40
213750 40
214000 42
214250 42
214500 42
214625 42
214875 42
215125 42
215375 42
215500 42
215625 42
215750 42
216000 44
216250 44
216500 44
216625 44
216875 44
217125 44
217375 44
217500 44
217625 44
217750 44
218000 43 79
218250 43
218500 43
218625 43
218875 45
219125 45
219375 45
219500 45
219625 45
219750 45
220000 40
220250 40
220500 40
220625 40
220875 40
221125 40
221375 40
221500 40
221625 40
221750 40
222000 42
222250 42
222500 42
222625 42
222875 42
223125 42
223375 42
223500 42
223625 42
223750 42
224000 44
224250 44
224500 44
224625 44
224875 44
225125 44
225375 44
225500 44
225625 44
225750 44
226000 43
226250 43
226500 43
226625 43
226875 45
227125 45
227375 45
227500 45
227625 45
227750 45
228000 40 71
228250 40 73
228500 40 75
228625 40
228875 40
229125 40
229375 40
229500 40
229625 40
229750 40
230000 42
230250 42
230500 42
230625 42
230875 42
231125 42
231375 42
231500 42
231625 42
231750 42
232000 44
232250 44
232500 44
232625 44
232875 44
233125 44
233375 44
233500 44
233625 44
233750 44
234000 43 79
234250 43
234500 43
234625 43
234875 45
235125 45
235375 45
235500 45
235625 45
235750 45
236000 40
236250 40
236500 40
236625 40
236875 40
237125 40
237375 40
237500 40
237625 40
237750 40
238000 42
238250 42
238500 42
238625 42
238875 42
239125 42
239375 42
239500 42
239625 42
239750 42
240000 41
240250 41
240500 41
240625 41
240875 41
241125 41
241375 41
241500 41
241625 41
241750 41
242000 41
242250 41
242500 41
242625 41
242875 41
243125 41
243375 41
243500 41
243625 41
243750 41
244000 40
244250 40
244500 40
244625 40
244875 40
245125 40
245375 40
245500 40
245625 40
245750 40
246000 42
246250 42
246500 42
246625 42
246875 42
247125 42
247375 42
247500 42
247625 42
247750 42
248000 44
248250 44
248500 44
248625 44
248875 44
249125 44
249375 44
249500 44
249625 44
249750 44
250000 44
250250 44
250500 44
250625 44
250875 44
251125 44
251375 44
251500 44
251625 44
251750 44
252000 56 40
252125 56
252250 68 40
252500 63 40
252625 40
252875 62 40
253125 61 40
253375 59 40
253500 40
253625 56 40
253750 59 40
253875 61
254000 54 42
254125 54
254250 68 42
254500 63 42
254625 42
254875 62 42
255125 61 42
255375 59 42
255500 42
255625 56 42
255750 59 42
255875 61
256000 53 41
256125 53
256250 68 41
256500 63 41
256625 41
256875 62 41
257125 61 41
257375 59 41
257500 41
257625 56 41
257750 59 41
257875 61
258000 53 41
258125 53
258250 41
258500 41
258625 41
258875 41
259125 78 41
259375 75 41
259500 41
259625 73 41
259750 75 41
259875 78
260000 52 40
260125 52
260250 68 40
260500 63 40
260625 40
260875 62 40
261125 61 40
261375 59 40
261500 40
261625 56 40
261750 59 40
261875 61
262000 54 42
262125 54
262250 68 42
262500 63 42
262625 42
262875 62 42
263125 61 42
263375 59 42
263500 42
263625 56 42
263750 59 42
263875 61
264000 56 44
264125 56
264250 44
264500 44 78
264875 44 75 78
265125 44 78
265375 44 75
265625 73
265750 75
265875 78
266000 44
266250 44
266500 44 78
266875 44 75 78
267125 44 78
267375 44 75
267625 73
267750 75
267875 78
268000 40
268250 40
268500 40
268625 40
268875 40
269125 40
269375 40
269500 40
269625 40
269750 40
270000 42
270250 42
270500 42
270625 42
270875 42
271125 42
271375 42
271500 42
271625 42
271750 42
272000 44
272250 44
272500 44
272625 44
272875 43
273125 43
273375 43
273500 43
273625 43
273750 43
274000 42
274250 42
274500 42
274625 42
274875 41
275125 41
275375 41
275500 41
275625 41
275750 41
276000 40
276250 40
276500 40
276625 40
276875 40
277125 40
277375 40
277500 40
277625 40
277750 40
278000 42
278250 42
278500 42
278625 42
278875 42
279125 42
279375 42
279500 42
279625 42
279750 42
280000 44
280250 44
280500 44
280625 44
280875 44
281125 44
281375 44
281500 44
281625 44
281750 44
282000 44
282250 44
282500 44
282625 44
282875 44
283125 44
283375 44
283500 44
283625 44
283750 44
284000 40
284250 40
284500 40
284625 40
284875 40
285125 40
285375 40
285500 40
285625 40
285750 40
286000 42
286250 42
286500 42
286625 42
286875 42
287125 42
287375 42
287500 42
287625 42
287750 42
288000 44
288250 44
288500 44
288625 44
288875 43
289125 43
289375 43
289500 43
289625 43
289750 43
290000 42
290250 42
290500 42
290625 42
290875 41
291125 41
291375 41
291500 41
291625 41
291750 41
292000 40
292250 40
292500 40
292625 40
292875 40
293125 40
293375 40
293500 40
293625 40
293750 40
294000 42
294250 42
294500 42
294625 42
294875 42
295125 42
295375 42
295500 42
295625 42
295750 42
296000 56 44
296125 56
296250 68 44
296500 63 44
296625 44
296875 62 44
297125 61 44
297375 59 44
297500 44
297625 56 44
297750 59 44
297875 61
298000 56 44
298125 56
298250 68 44
298500 63 44
298625 44
298875 62 44
299125 61 44
299375 59 44
299500 44
299625 56 44
299750 59 44
299875 61
300000 52
300125 52
300250 68
300500 63
300875 62
301125 61
301375 59
301625 56
301750 59
301875 61
302000 54
302125 54
302250 68
302500 63
302875 62
303125 61
303375 59
303625 56
303750 59
303875 61
304000 56
304125 56
304250 68
304500 63
304875 62
305125 61
305375 59
305625 56
305750 59
305875 61
306000 56
306125 56
306250 68
306500 63
306875 62
307125 61
307375 59
307625 56
307750 59
307875 61
308000 52
308125 52
308250 68
308500 63
308875 62
309125 61
309375 59
309625 56
309750 59
309875 61
310000 54
310125 54
310250 68
310500 63
310875 62
311125 61
311375 59
311625 56
311750 59
311875 61
