150 42
300 45 40
1500 40
1800 40
2100 43
2300 45
2500 48
2700 50
3000 48
3300 50
3750 52
3900 57 52
4050 55
4087 52
4125 47
4162 51
4237 52
4312 55
4350 52
4387 47
4425 51
4500 52
4575 55
4612 52
4650 47
4687 51
4762 52
4837 55
4875 52
4912 47
4950 51
5025 52
5100 55
5137 52
5175 47
5250 50
5287 52
5325 57
5400 55
5512 52
5550 50
5700 52
5775 50
5850 48
5925 44
6000 47
6100 48
6200 50
6300 48
6337 50
6412 48
6450 47
6525 45
6600 47
6637 50
6712 48
6750 47
6825 45
6900 47
6937 50
7012 48
7050 47
7125 45
7200 47
7237 50
7312 48
7350 47
7425 45
7500 47
7650 45
7800 44
7950 43
8100 42
8250 40
8925 48
9750 48
12150 45 40
12300 45 40
12900 50 43
13500 50 45
14100 50
14550 66
14700 67
14900 69
15000 67
15200 69
15300 67
15500 69
15600 67
15800 69
15900 67
16100 43
16200 47
16300 67
16400 69
16500 72
16700 73
16800 66
16900 71
17000 72
17100 69
17300 66
17400 66
17700 66
17925 64
18000 67
18200 69
18300 72
18600 69
18700 67
18800 69
18900 67
19050 64
19200 62
19300 67
19700 64
19800 67
19900 64
20000 62
20100 67
20400 67
20775 55
20850 61
20925 63
21000 65
21075 67
21150 68
21187 69
21225 72
21300 61
21375 64
21450 67
21525 47
21600 66
21675 69
21750 72
21825 69
21862 72
21900 69
21975 66
22050 67
22125 66
22200 64
22275 61
22350 60
22425 61
22500 60
22650 57
22725 60
22950 60
23100 57
23700 62
24000 62
24300 62
24500 64
24600 64
24750 64
24900 68
25050 68
25200 68
25350 68
25500 71
25575 71
25650 71
25725 71
25800 69
25900 69
26000 69
26100 68
26200 68
26300 68
26400 68
26500 68
26600 68
26700 66
26800 66
26900 66
27000 68
27100 68
27200 68
27300 64
27400 64
27500 64
27600 68
27700 68
27800 68
27900 71
28000 71
28100 71
28200 69
28300 69
28400 69
28500 68
28600 68
28700 68
28800 69
28900 69
29000 69
29100 66
29200 66
29300 66
29400 68
29500 68
29600 68
29700 64
29775 64
29850 64
29925 66
30000 62
30075 62
30150 62
30225 64
30300 62
30375 61
30525 61
30600 61
30700 62
30800 61
30900 59
31000 59
31100 59
31200 61
31350 59
31500 57
31600 57
31700 57
31800 59
31950 57
32100 55
32200 55
32300 55
32400 57
32550 55
32700 53
32775 53
32850 53
32925 53
33000 53
33075 53
33150 53
33225 53
33300 53
33375 55
33450 53
33525 52
33600 52
33675 50
33750 48
33825 47
33900 47
34050 45
34800 44
35625 47
39000 47 43
39150 40
39300 43
39400 45
39500 45
39600 45
39700 45
39800 45
39900 48
40000 43
40100 45
40200 45
40350 45
40500 48
40575 43
40650 45
40725 46
40800 53
40900 46
41000 52
41100 47
41175 49
41250 47
41325 49
41400 47
41475 49
41550 47
41625 49
41700 47
41775 49
41850 47
41925 49
42000 47
42075 49
42150 47
42225 49
42300 47
42600 43
42675 43
42750 40
42900 43
43000 45
43100 45
43200 45
43300 45
43400 45
43500 48
43600 43
43700 45
43800 45
43900 45
44100 48
44200 43
44300 46
44400 53
44500 43 46
44600 52
44700 50
44800 43
44900 48
45000 55
45100 48
45200 54
45300 52
45400 54
45500 52
45600 54
45700 52
45800 54
45900 50
46100 52
46200 50
46300 52
46400 50
46500 48
46700 50
46800 48
46900 50
47000 48
47100 47
47200 49
47300 47
47400 49
47500 47
47600 49
47700 61
47800 49
47900 52
48000 56
48100 49
48200 52
48300 56
48400 49
48500 52
48600 56
48700 49
48800 52
48900 56
49000 49
49100 52
49200 56
49300 49
49400 52
49500 56
49600 49
49700 52
49800 56
49900 49
50000 52
50100 57
50200 49
50300 52
50400 57
50500 49
50600 52
50700 57
50800 49
50900 52
51000 57
51100 49
51200 52
51300 57
51400 49
51500 52
51600 57
51700 49
51800 52
51900 57
52000 49
52100 52
52200 57
52275 49
52350 52
52425 51
52500 57
52600 51
52700 54
52800 57
52900 51
53000 54
53100 57
53200 51
53300 54
53400 57
53500 51
53600 54
53700 57
53800 51
53900 54
54000 57
54100 51
54200 54
54300 59
54400 51
54500 54
54600 59
54700 51
54800 54
54900 59
55000 52
55100 56
55200 59
55300 52
55400 56
55500 59
55600 52
55700 56
55800 59
55900 52
56000 56
56100 59
56200 52
56300 56
56400 59
56500 52
56600 56
56700 59
56800 52
56900 56
57000 59
57100 52
57200 56
57300 60
57400 52
57500 55
57600 60
57700 52
57800 55
57900 60
58000 52
58100 55
58200 60
58300 52
58400 55
58500 60
58600 52
58700 55
58800 60
58900 52
59000 55
59100 62
59200 52
59300 55
59400 62
59475 52
59550 55
59625 54
59700 62
59800 54
59900 57
60000 62
60100 54
60200 57
60300 62
60400 54
60500 57
60600 62
60700 54
60800 57
60900 62
61000 54
61100 57
61200 62
61300 54
61400 57
61500 64
61600 54
61700 57
61800 64
61900 54
62000 57
62100 64
62200 59
62300 56
62400 64
62500 59
62600 56
62700 64
62800 59
62900 56
63000 64
63100 59
63200 56
63300 64
63400 59
63500 56
63600 64
63700 59
63800 56
63900 64
63975 59
64050 56
64162 64
64237 59
64312 56
64425 64
64500 56
64600 59
64700 64
64800 56
64900 59
65000 64
65100 59
65300 64
65400 59
65500 62
65600 64
65700 58
65800 61
65900 64
66000 58
66100 61
66200 64
66300 57
66400 60
66500 64
66600 57
66700 60
66800 64
66900 56
67000 59
67100 64
67200 56
67275 59
67350 62
67425 64
67500 59
67600 62
67700 64
67800 59
67900 62
68000 64
68100 58
68200 61
68300 64
68400 58
68500 61
68600 64
68700 57
68800 60
68900 64
69000 57
69100 60
69200 64
69300 56
69400 59
69500 64
69600 56
69700 59
69800 62
69900 57
70000 60
70100 62
70200 57
70300 60
70400 62
70500 56
70600 59
70700 62
70800 56
70900 59
71000 62
71100 55
71200 58
71300 62
71400 55
71500 58
71600 62
71700 54
71800 57
71900 62
72000 54
72075 57
72150 60
72225 61
72300 55
72400 58
72500 60
72600 55
72700 58
72800 60
72900 54
73000 57
73100 60
73200 54
73300 57
73400 60
73500 53
73600 56
73700 60
73800 53
73900 56
74000 60
74100 52
74200 55
74300 60
74400 52
74500 55
74600 59
74700 51
74800 54
74900 59
75000 51
75100 54
75200 59
75300 51
75400 54
75500 59
75600 51
75700 54
75800 59
75900 51
76000 54
76100 59
76200 51
76300 54
76400 59
76500 51
76600 54
76700 59
76800 51
76900 54
77000 59
77100 52
77200 55
77300 59
77400 52
77500 55
77600 59
77700 52
77800 55
77900 59
78000 52
78100 55
78200 59
78300 52
78400 55
78500 59
78600 52
78700 55
78800 59
78900 52
79000 55
79100 59
79200 52
79300 55
79400 59
79500 51
79600 54
79700 59
79800 51
79900 54
80000 59
80100 51
80200 54
80300 59
80400 51
80500 54
80600 59
80700 51
80800 54
80900 59
81000 51
81100 54
81200 59
81300 51
81400 54
81500 59
81600 51
81700 54
81800 59
81900 52
82000 55
82100 59
82200 51
82300 54
82400 59
82500 52
82600 55
82700 59
82800 51
82900 54
83000 59
83100 52
83200 55
83300 59
83400 51
83500 54
83600 59
83700 52
83800 55
83900 59
84000 51
84100 54
84200 59
84300 52
84400 55
84500 59
84600 51
84700 54
84800 59
84900 52
85000 55
85100 59
85200 51
85300 54
85400 59
85500 52
85600 55
85700 59
85800 51
85900 54
86000 59
86100 52
86200 55
86300 59
86400 51
86500 54
86600 59
86700 52
87300 46
87825 47
88800 40
88950 40
90900 40
91200 47
91500 59 40
