0 57
333 60
666 64
1000 69
1333 72
1666 69
2000 64
2333 60
2666 52
3000 59
3333 64
3666 67
4000 71
4333 67
4666 64
5000 59
5333 59
5666 62
6000 66
6333 71
6666 74
7000 71
7333 66
7666 62
8000 54
8333 57
8666 61
9000 66
9333 69
9666 66
10000 61
10333 57
10666 49
11000 52
11333 56
11666 61
12000 64
12333 61
12666 56
13000 52
13333 56
13666 59
14000 63
14333 68
14666 71
15000 68
15333 63
15666 59
16000 51
16333 54
16666 58
17000 63
17333 66
17666 63
18000 58
18333 54
18666 58
19000 61
19333 65
19666 70
20000 73
20333 70
20666 65
21000 61
21333 53
21666 56
22000 60
22333 65
22666 68
23000 65
23333 60
23666 56
24000 48
24333 51
24666 55
25000 60
25333 63
25666 60
26000 55
26333 51
26666 55
27000 58
27333 62
27666 67
28000 70
28333 67
28666 62
29000 58
29333 50
29666 53
30000 57
30333 62
30666 65
31000 62
31333 57
31666 53
32000 57
32333 60
32666 64
33000 69 60
33333 72 57
33666 69 52
34000 64 53
34333 60 55
34666 52 52
35000 59 59
35333 64
35666 67 55
36000 71 55
36333 67 52
36666 64 53
37000 59 55
37333 59 54
37666 62 59
38000 66
38333 71 59
38666 74 59
39000 71 54
39333 66 55
39666 62 57
40000 54 54
40333 57 57
40666 61
41000 66 49
41333 69 54
41666 66 57
42000 61 61
42333 57 57
42666 49 64
43000 52 61
43333 56 56
43666 61 57
44000 64 64
44333 61 61
44666 56 56
45000 52 57
45333 56 63
45666 59 59
46000 63 56
46333 68 57
46666 71 63
47000 68 59
47333 63 56
47666 59 57
48000 51 66
48333 54 58
48666 58 54
49000 63 63
49333 66 66
49666 63 58
50000 58 54
50333 54 63
50666 58 58 64
51000 61 63
51333 65 61
51666 70 65
52000 73 70
52333 70 65
52666 65 61
53000 61 58
53333 53 68 56
53666 56 60
54000 60 65
54333 65 72
54666 68 68
55000 65 65
55333 60 60
55666 56 56
56000 48 55
56333 51 60
56666 55 63
57000 60 67
57333 63 72
57666 60 67
58000 55 63
58333 51 60
58666 55 58
59000 58 62
59333 62 67
59666 67 58
60000 70 62
60333 67 67
60666 62 70
61000 58 67
61333 50 74
61666 53 69
62000 57 65
62333 62 69 62
62666 65 69
63000 62 65
63333 57 62
63666 53 64
