428 42
535 41
642 45
749 44
857 50
964 49
1071 54
1178 53
1285 50
1392 49
1499 47
1607 45
1714 44
1821 41
1928 42
2035 44
2142 45
2249 47
2357 49
2464 50
2571 49
2678 54
2785 53
2892 57
2999 56
3107 62
3214 61
3321 65
3428 66
3535 65
3642 61
3749 65
3857 66
3964 68
4071 69
4178 65
4285 66
4392 62
4499 64
4607 66
4714 62
4821 61
4928 65
5035 73
5142 74
5249 73
5357 72
5464 74
5571 73
5678 78
5892 78
6107 78
6214 74
6321 71
6428 73
6535 71
6642 69
6749 68
6857 69
6964 68
7071 66
7178 65
7285 69
7392 68
7499 66
7607 65
7714 66
7821 61
7928 62
8035 59
8142 61
8249 59
8357 57
8464 56
8571 57
8678 59
8785 61
8892 64
8999 65
9107 66
9214 68
9321 61
9428 69
9535 68
9642 66
9749 69
9857 68
9964 66
10071 65
10178 61
10285 62
10392 66
10499 74
10607 73
10714 71
10821 69
10928 73
11035 71
11142 69
11249 68
11357 71
11464 69
11571 68
11678 66
11785 69
11892 68
11999 69
12107 68
12214 66
12321 69
12428 68
12535 66
12642 65
12749 69
12857 66
12964 69
13071 68
13178 65
13285 66
13392 62
13499 61
13607 56
13714 54
13821 47
13928 49
14035 45
14142 47
14249 44
14357 45
14464 47
14571 49
14678 50
14785 54
14892 53
14999 49
15107 53
15214 54
15321 56
15428 57
15535 56
15642 54
15749 57
15857 59
15964 57
16071 56
16178 60
16285 61
16392 66
16499 61
16607 69
16714 68
16821 66
16928 65
17035 68
17142 73
17249 74
17357 73
17464 72
17571 73
17678 69
17785 66
17892 73
17999 68
18107 71
18214 69
18321 68
18428 66
18535 61
18642 57
18749 56
18857 57
18964 56
19071 54
19178 57
19285 56
19392 54
19499 53
19607 56
19714 57
19821 62
19928 61
20035 66
20142 65
20249 71
20357 74
20464 73
20571 78
20678 73
20785 74
20892 72
20999 73
21107 69
21214 71
21321 68
21428 69
21535 66
21642 68
21749 65
21857 66
21964 61
22071 62
22178 59
22285 61
22392 62
22499 61
22607 66
22714 65
22821 69
22928 68
23035 74
23142 73
23249 71
23357 69
23464 68
23571 66
23678 68
23785 69
23892 73
23999 78
24107 73
24214 71
24321 74
24428 73
24535 71
24642 69
24749 66
24857 65
24964 71
25071 69
25178 68
25285 66
25392 61
25499 62
25607 61
25714 59
25821 62
25928 61
26035 59
26142 57
26249 61
26357 59
26464 57
26571 56
26678 53
26785 54
26999 57
27214 61
27428 70
27535 66
27642 73
27749 70
27857 76
27964 73
28071 78
28178 76
28285 74
28392 73
28499 71
28607 70
28714 71
28821 65
28928 68
29035 66
29142 68
29249 64
29357 71
29464 68
29571 74
29678 71
29785 76
29892 74
29999 69
30107 71
30214 73
30321 74
30428 76
30535 69
30642 73
30749 69
30857 66
30964 62
31071 69
31178 66
31285 74
31392 69
31499 78
31607 74
31714 65
31821 61
31928 68
32035 65
32142 73
32249 68
32357 77
32464 73
32571 66 78
32678 73
32785 70
32892 73
32999 66 78
33107 73
33214 70
33321 73
33428 76 64
33535 74
33642 76 69
33749 73
33857 73 64
33964 72
34071 73 69
34178 64
34285 71 59
34392 70
34499 64 71
34607 68
34714 64 76
34821 75
34928 76 68
35035 71
35142 78 66
35249 73
35357 70
35464 73
35571 66 73
35785 70
35892 71
35999 78 66
36107 73
36214 70
36321 73
36428 78 66
36535 73
36642 70
36749 73
36857 76 64
36964 73
37071 76 70
37178 75 73
37285 61 76
37392 73
37499 70 76
37607 75
37714 76 64
37821 70
37928 76
38035 73
38142 68
38249 70
38357 73
38464 76
38571 66 78
38678 70
38785 73 78
38892 70 76
38999 66 78
39107 70
39214 73
39321 70
39428 76 64
39535 70
39642 73
39749 70
39857 73 61
39964 66
40071 70
40178 66
40285 70 58
40392 64
40499 70
40607 64
40714 66 54
40821 61
40928 64
41035 61
41142 59
41249 63
41357 69
41464 63
41571 59
41678 63
41785 71
41892 63
41999 64
42107 68
42214 71
42321 68
42428 64
42535 68
42642 74
42749 68
42857 76
42964 73
43071 70
43178 67
43285 73
43392 70
43499 67
43607 64
43714 70
43821 67
43928 64
44035 61
44142 58
44249 61
44357 64
44464 67
44571 59 47
44678 63
44785 69
44892 63
44999 59
45107 63
45214 71
45321 63
45428 64 52
45535 68
45642 71
45749 68
45857 64
45964 68
46071 74
46178 68
46285 61 49
46392 64
46499 70
46607 64
46714 61
46821 64
46928 68
47035 64
47142 54 42
47249 61
47357 64
47464 61
47571 66 46
47678 70
47785 73
47892 70
47999 59 71 47
48107 63
48214 69
48321 63
48428 59 66
48535 63
48642 69
48749 63
48857 64 71 52
48964 68
49071 71
49178 68
49285 64 74
49392 68
49499 74
49607 68
49714 73 61 49
49821 64
49928 71
50035 64
50142 70 61
50249 64
50357 68
50464 64
50571 54 66 42
50678 61
50785 64
50892 61
50999 66 46
51107 70
51214 66 73
51321 70
51428 77 47
51642 65
51857 71 59
52071 68
52285 65 50
52499 62
52714 65 62
52928 68
53142 71 53
53357 59
53571 68 65
53785 71
53999 74 56
54214 68
54428 71 68
54642 74
54857 77 47
54964 71
55071 65
55178 68
55285 71 59
55392 65
55499 68
55607 71
55714 65 50
55821 53
55928 56
56035 59
56142 65 62
56249 68
56357 71
56464 74
56571 71 53
56678 71
56785 68
56892 68
56999 74 65
57107 74
57214 71
57321 71
57428 77 56
57535 77
57642 74
57749 74
57857 68
58071 77
58178 77
58285 75
58392 72
58499 69
58607 66
58714 72
58821 69
58928 66
59035 63
59142 69
59249 66
59357 63
59464 60
59571 66
59678 63
59785 60
59892 57
59999 71
60107 68
60214 65
60321 62
60428 68
60535 65
60642 62
60749 59
60857 65
60964 62
61071 59
61178 56
61285 62
61392 59
61499 56
61607 53
61714 70
61821 67
61928 64
62035 61
62142 67
62249 64
62357 61
62464 58
62571 64
62678 61
62785 58
62892 55
62999 61
63107 58
63214 55
63321 52
63428 58
63535 55
63642 52
63749 49
63857 55
63964 52
64071 49
64178 46
64285 52
64392 49
64499 46
64607 43
64714 40
64821 43
64928 46
65035 49
65142 47
65249 50
65357 54
65464 59
65571 50
65678 54
65785 59
65892 62
65999 54
66107 59
66214 62
66321 66
66428 59
66535 62
66642 66
66749 71
66857 74 62
67071 66
67285 73 61
67499 66
67714 71 59
67928 66 61
68035 59
68142 70 58
68357 66
68571 69 57
68785 66
68999 68 56
69214 64
69428 67 55
69642 57 64
69749 55
69857 54 66
70071 55 67
70178 54
70285 65 53
70499 56 61
70607 53
70714 66 54
70928 57 61
71035 54
71142 68 56
71357 59 65
71464 56
71571 69 57
71785 61 66
71892 57
71999 60 68
72214 63
72321 60
72428 56
72642 60
72749 56 68
72857 69 57
73071 60
73178 57 69
73285 54 66
73499 57
73607 54 66
73714 68
74035 42
74357 42
74464 45
74785 45
74892 49
74999 42
75214 49
75321 54
75428 57 65
75642 60
75749 57
75857 53
76071 57
76178 53 65
76285 66 54
76499 57
76607 54 66
76714 51 63
76928 54
77035 63 51
77142 65
77892 42
78214 42
78321 46
78642 46
78749 51
78857 54
79071 51
79178 54
79285 58
79499 54
79607 58
79714 63
79928 58
80035 63
80142 66
80357 63
80464 66
80571 70
80785 66
80892 63
80999 66
81214 63
81321 58
81428 63
81642 58
81749 54
81857 58
82071 54
82178 51
82607 44
82714 43
82821 50
82928 49
83035 55
83142 54
83249 61
83357 60
83464 66
83571 65
83678 70
83785 69
83892 73
83999 72
84857 69
84964 66
85071 63
85178 60
85285 57
85392 54
85499 51
85607 48
86035 43
86142 42
86249 49
86357 48
86464 54
86571 53
86678 60
86785 59
86892 65
86999 64
87107 69
87214 68
87321 72
87428 71
88285 68
88392 65
88499 62
88607 59
88714 56
88821 53
88928 50
89035 47
89142 70
89249 67
89357 64
89464 61
89571 67
89678 55
89785 58
89892 61
89999 64
90107 61
90214 58
90321 55
90428 61
90535 49
90642 52
90749 55
90857 59
90964 55
91071 52
91178 47
91285 55
91392 52
91499 47
91607 43
91714 42
91821 47
91928 51
92035 54
92142 47
92249 51
92357 54
92464 59
92571 59
92678 55
92785 52
92892 47
92999 55
93107 52
93214 47
93321 43
93428 42
93535 47
93642 51
93749 54
93857 47
93964 51
94071 54
94178 59
94285 60
94392 55
94499 52
94607 48
94714 55
94821 52
94928 48
95035 43
95142 42
95249 47
95357 50
95464 54
95571 47
95678 50
95785 54
95892 59
95999 58
96107 54
96214 49
96321 46
96428 54
96535 49
96642 46
96749 43
96857 42
96964 46
97071 49
97178 54
97285 46
97392 49
97499 54
97607 58
97714 59 64
97821 55
97928 52
98035 47
98142 55 64
98249 52
98357 47 66
98464 43 67
98571 42 59
98678 47
98785 51
98892 54
98999 47 59
99107 51
99214 54 66
99321 63 59
99428 59 64
99535 55
99642 52
99749 47
99857 55
99964 52
100071 64 47
100178 43 66
100285 66 42
100392 47 64
100499 67 51
100607 54 66
100714 69 47
100821 51
100928 67 54
101035 66 59
101142 60
101249 55
101357 52
101464 48
101571 55 60
101678 52
101785 48 66
101892 67 43
101999 42 62
102107 47
102214 50
102321 54
102428 47 62
102535 50
102642 54 61
102749 59
102857 58
102964 54
103071 49
103178 46
103285 54 66
103392 49
103499 46 64
103607 62 43
103714 42 61
103821 46
103928 49
104035 54
104142 46 61
104249 49
104357 62 54
104464 61 58
104571 59 64
104678 55
104785 52
104892 47
104999 55
105107 52
105214 47 64
105321 43 66
105428 42 66
105535 47 64
105642 51 67
105749 54 66
105857 69 47
105964 51
106071 54 67
106178 66 59
106285 60
106392 55
106499 52
106607 48
106714 55 60
106821 52
106928 66 48
107035 67 43
107142 42 62
107249 47
107357 50
107464 54
107571 47 62
107678 50
107785 61 54
107892 59
107999 58
108107 54
108214 49
108321 46
108428 54 58
108535 49
108642 59 46
108749 43 61
108857 42 61
108964 46
109071 49
109178 54
109285 46 61
109392 49
109499 54 62
109607 61 58
109714 58
109821 54
109928 49
110035 46
110142 54 58
110249 49
110357 46 59
110464 43 61
110571 42 61
110678 46
110785 49
110892 54
110999 46 61
111107 49
111214 62 54
111321 58 63
111428 59 64
111535 55
111642 52
111749 47
111857 55
111964 52
112071 47 64
112178 43 66
112285 42 66
112392 64 47
112499 67 51
112607 54 66
112714 69 47
112821 51
112928 54 67
113035 59 66
113142 60
113249 55
113357 52
113464 48
113571 55 60
113678 52
113785 48 66
113892 43 67
113999 42 62
114107 47
114214 50
114321 54
114428 47 62
114535 50
114642 61 54
114749 59
114857 58
114964 54
115071 49
115178 46
115285 54 58
115392 49
115499 46 59
115607 43 61
115714 42 61
115821 46
115928 49
116035 54
116142 46 61
116249 49
116357 62 54
116464 61 58
116571 58
116678 54
116785 49
116892 46
116999 54 58
117107 49
117214 59 46
117321 43 61
117428 42 61
117535 46
117642 49
117749 54
117857 46 61
117964 49
118071 62 54
118178 58 63
118285 59 64
118392 55
118499 52
118607 47
118714 55
118821 52
118928 64 47
119035 43 66
119142 42 66
119249 47 64
119357 51 67
119464 54 66
119571 47 69
119678 51
119785 67 54
119892 66 59
119999 60
120107 55
120214 52
120321 48
120428 55 60
120535 52
120642 48 66
120749 43 67
120857 43 62
120964 47
121071 50
121178 55
121285 47
121392 50
121499 66 55
121607 62
121714 60
121821 55
121928 52
122035 48
122142 55 67
122249 52
122357 48 62
122464 60 43
122571 45 62
122678 50
122785 54
122892 57
122999 50 62
123107 54
123214 57
123321 62
123428 62
123535 57
123642 54
123749 50
123857 57
123964 54
124071 50
124178 45
124285 50
124392 54
124499 57
124607 62
124714 54
124821 57
124928 62
125035 66
125142 59 64
125249 55
125357 52
125464 47
125571 55
125678 52
125785 47 64
125892 43 66
125999 42 66
126107 47 64
126214 51 67
126321 54 66
126428 47 69
126535 51
126642 67 54
126749 59 66
126857 60
126964 55
127071 52
127178 48
127285 55 60
127392 52
127499 66 48
127607 67 43
127714 43 62
127821 47
127928 50
128035 55
128142 47
128249 50
128357 66 55
128464 62
128571 60
128678 55
128785 52
128892 48
128999 55 67
129107 52
129214 62 48
129321 60 43
129428 45 62
129535 50
129642 54
129749 57
129857 50 62
129964 54
130071 57
130178 62
130285 62
130392 57
130499 54
130607 50
130714 57
130821 54
130928 50
131035 45
131142 50
131249 54
131357 57
131464 62
131571 54
131678 57
131785 62
131892 66
131999 60
132107 55
132214 52
132321 48
132428 55 60
132535 52
132642 66 48
132749 67 43
132857 43 62
132964 47
133071 50
133178 55
133285 47
133392 50
133499 66 55
133607 62
133714 64
133821 60
133928 55
134035 52
134142 60
134249 55
134357 52 66
134464 48 67
134571 43 62
134678 47
134785 50
134892 55
134999 47
135107 50
135214 55 66
135321 67
135428 67
135535 64
135642 60
135749 55
135857 64
135964 60
136071 55
136178 52
136285 50
136392 55
136499 59
136607 62
136714 55
136821 59
136928 62
137035 67
137142 60 62
137249 57
137357 54 60
137464 50
137571 57 57
137678 54
137785 50 60
137892 45
137999 50 60
138107 55
138214 59
138321 62
138428 67 55
138535 59
138642 59 62
138749 67
138857 64 57
138964 60
139071 64
139178 69
139285 60
139392 64
139499 69
139607 72
139714 64
139821 69
139928 72
140035 76
140142 69
140249 72
140357 76
140571 55
140678 59
140785 62
140892 67
140999 59
141107 62
141214 67
141321 71
141428 62
141535 67
141642 71
141749 74
141857 67
141964 71
142071 74
142178 79
142285 57
142392 60
142499 62
142607 66
142714 60
142821 62
142928 66
143035 69
143142 62
143249 66
143357 69
143464 72
143571 66
143678 69
143785 72
143892 74
143999 55 71
144106 59
144214 62
144321 67
144428 62
144535 59
144642 55
144749 50
144856 67
144964 50
145071 55
145178 59
145285 62
145392 59
145499 55
145606 59
145714 64 57
145821 60
145928 64
146035 69
146142 60
146249 64
146356 69
146464 72
146571 64
146678 69
146785 72
146892 76
146999 69
147106 72
147214 76
147428 55
147535 59
147642 62
147749 67
147856 59
147964 62
148071 67
148178 71
148285 62
148392 67
148499 71
148606 74
148714 67
148821 71
148928 74
149035 79
149142 57
149249 60
149356 62
149464 66
149571 60
149678 62
149785 66
149892 69
149999 62
150106 66
150214 69
150321 72
150428 66
150535 69
150642 72
150749 74
150856 79
150964 74
151071 71
151178 67
151285 74
151392 71
151499 67
151606 62
151714 71
151821 67
151928 62
152035 59
152142 60
152249 62
152356 60
152464 57
152678 74
152785 76
152892 72
152999 76
153106 74
153214 71
153321 72
153428 69
153535 71
153642 67
153749 69
153856 64
153964 67
154071 69
154178 62
154285 67
154392 64
154499 60
154606 59
154714 55
154821 57
155035 72
155142 69
155249 64
155356 72
155464 69
155571 64
155678 72
155785 69
155892 64
155999 72
156106 69
156214 64
156321 71
156428 68
156535 64
156642 71
156749 68
156856 64
156964 71
157071 68
157178 64
157285 71
157392 68
157499 64
157606 72
157714 69
157821 64
157928 72
158035 69
158142 64
158249 72
158356 69
158464 64
158571 72
158678 69
158785 64
158892 71
158999 68
159106 64
159214 71
159321 68
159428 64
159535 71
159642 68
159749 64
159856 71
159964 68
160071 64
160178 72
160285 69
160392 64
160499 72
160606 69
160714 64
160821 72
160928 69
161035 64
161142 72
161249 69
161356 64
161464 74
161571 71
161678 67
161785 74
161892 71
161999 67
162106 79
162214 74
162321 71
162428 79
162535 74
162642 71
162749 76
162856 72
162964 69
163071 74
163178 71
163285 67
163392 72
163499 69
163606 64
163714 71
163821 67
163928 62
164035 69
164142 64
164249 60
164356 67
164464 62
164571 59
164678 64
164785 60
164892 57
164999 62
165106 67
165214 71
165321 77
165428 72
165535 69
165642 77
165749 72
165856 69
165964 77
166071 72
166178 69
166285 77
166392 72
166499 69
166606 76
166714 71
166821 68
166928 76
167035 71
167142 68
167249 76
167356 71
167464 68
167571 76
167678 71
167785 68
167892 77
167999 72
168106 69
168214 77
168321 72
168428 69
168535 77
168642 72
168749 69
168856 77
168964 72
169071 69
169178 76
169285 71
169392 68
169499 76
169606 71
169714 68
169821 76
169928 71
170035 68
170142 76
170249 71
170356 68
170464 77 72
170571 72
170678 69
170785 77
170892 72
170999 69
171106 77
171214 72
171321 69
171428 77
171535 72
171642 69
171749 79
171856 74
171964 71
172071 79
172178 74
172285 71
172499 79
172606 74
172821 79
172928 74
173142 76
173249 72
173356 79
173464 74
173571 71
173678 78
173785 74
173892 69
173999 76
174106 71
174214 67
174321 74
174428 69
174535 66
174642 71
174749 67
174856 64
174964 69
175071 79
175178 74
175392 76
175499 72
175606 79
175714 74
175821 71
175928 78
176035 74
176142 69
176249 76
176356 71
176464 67
176571 74
176678 69
176785 66
176892 71
176999 67
177106 64
177214 69
177321 79
177428 74
177642 76
177749 72
177856 79
177964 74
178071 71
178178 78
178285 74
178392 69
178499 76
178606 71
178714 67
178821 74
178928 69
179035 66
179142 71
179249 67
179356 64
179464 69
179571 66
179678 62
179785 67
179892 64
179999 59
180106 66
180214 62
180321 57
180428 64
180535 61
180642 55
180749 57
180856 61
180964 64
181071 67
181178 61
181285 64
181392 69
181499 61
181606 64
181714 71
181821 61
181928 64
182035 73
182142 71
182249 73
182356 64 76
182571 73
182678 71
182785 73
182892 64 76
183106 73
183214 71
183321 73
183428 76 64
183535 73
183642 76
183749 79
183856 76
183964 79
184178 79
184606 76
184714 73
185142 69
185571 64
186214 61
186856 69
186964 64
187071 60
187178 69
187285 64
187392 60
187499 69
187606 64
187714 60
187821 69
187928 64
188035 60
188142 68
188249 64
188356 59
188464 68
188571 64
188678 59
188785 68
188892 64
188999 59
189106 68
189214 64
189321 59
189428 69
189535 64
189642 60
189749 71
189856 64
189964 60
190071 72
190178 64
190285 60
190392 74
190499 64
190606 60
190714 71
190821 64
190928 59
191035 68
191142 64
191249 59
191356 68
191464 64
191571 59
191678 68
191785 64
191892 59
191999 67
192106 64
192214 59
192321 67
192428 64
192535 59
192642 67
192749 64
192856 59
192964 67
193071 64
193178 59
193285 66
193392 63
193499 59
193606 66
193714 63
193821 59
193928 69
194035 63
194142 59
194249 69
194356 63
194464 59
194571 67
194678 64
194785 59
194892 69
194999 64
195106 59
195214 71
195321 66
195428 63
195535 69
195642 66
195749 63
195856 67
195964 64
196071 59
196178 67
196285 64
196392 59
196499 67
196606 64
196714 59
196821 67
196928 64
197035 59
197142 71
197249 67
197356 64
197464 71
197571 67
197678 64
197785 71
197892 67
197999 64
198106 71
198214 67
198321 64
198428 67
198535 64
198642 60
198749 67
198856 64
198964 60
199071 72
199178 67
199285 64
199392 72
199499 67
199606 64
199714 62
199821 59
199928 55
200035 62
200142 59
200249 55
200356 67
200464 59
200571 55
200678 71
200785 59
200892 55
200999 63
201106 59
201214 54
201321 63
201428 59
201535 54
201642 66
201749 63
201856 59
201964 71
202071 63
202178 59
202285 64
202392 59
202499 55
202606 64
202714 59
202821 55
202928 67
203035 59
203142 55
203249 71
203356 59
203464 55
203571 72 64
203678 60
203785 55
203892 64
203999 60
204106 55
204214 74 64
204321 60
204428 55
204535 64 72
204642 60
204749 55
204856 62 71
204964 59
205071 55
205178 62
205285 59
205392 55
205499 74 67
205606 59
205714 55
205821 71 62
205928 59
206035 55
206142 63 71
206249 59
206356 54
206464 63
206571 59
206678 54
206785 75 66
206892 63
206999 59
207106 71 66
207214 63
207321 59
207428 67
207535 64
207642 59
207749 67
207856 64
207964 59
208071 64
208178 59
208285 55
208392 64
208499 59
208606 55
208714 59
208821 55
208928 52
209035 59
209142 55
209249 52
209356 55
209464 52
209571 47
209678 55
209785 52
209892 47
209999 40
210321 40
210428 43
210535 47
210642 52
210964 52
211071 55
211178 59
211285 64
211606 64
211714 67
211821 71
211928 76
212249 76
212356 71
212464 67
212571 76
212892 76
212999 71
213106 67
213214 76
213535 76
213642 71
213749 67
213856 64
213964 67
214071 71
214178 67
214285 63
214392 67
214499 71
214606 73
214714 76
215035 75
215356 73
215464 76
215678 71
215785 75
215892 78
215999 69
216106 73
216214 76
216321 71
216428 75
216535 78
217285 76
217606 75
217928 73
218035 76
218249 71
218356 75
218464 78
218571 69
218678 73
218785 76
218892 71
218999 75
219106 78
219214 71
219321 75
219428 78
219535 73
219642 76
219856 76
220178 75
220499 73
220606 76
220821 71
220928 75
221035 78
221142 69
221249 73
221356 76
221464 69
221571 73
221678 76
221785 71
221892 75
221999 78
222106 71
222214 75
222321 78
222428 76
222749 75
223071 73
223178 76
223392 71
223499 75
223606 78
223714 69
223821 73
223928 76
224035 69
224142 73
224249 76
224356 71
224464 75
224571 78
224785 78
224892 73
224999 76
225321 75
225642 73
225749 76
225964 71
226071 75
226178 78
226285 69
226392 73
226499 76
226606 69
226714 73
226821 76
226928 71
227035 75
227142 78
227356 78
227464 75
227571 69
227678 73
227785 76
227892 69
227999 73
228106 76
228214 68
228321 71
228428 75
228535 68
228642 71
228749 75
228856 66
228964 69
229071 73
229178 66
229285 69
229392 73
229499 78
229606 73
229714 69
229821 66
229928 69
230035 73
230142 71
230249 75
230356 78
230464 71
230571 75
230678 78
230892 78
230999 75
231106 71
231214 75
231321 71
231428 76
231749 75
232071 73
232178 76
232392 71
232499 75
232606 78
232714 69
232821 73
232928 76
233035 71
233142 75
233249 78
233356 71
233464 75
233571 78
233678 75
233785 71
233892 76
234214 75
234535 73
234642 76
234856 71
234964 75
235071 78
235178 69
235285 73
235392 76
235499 69
235606 73
235714 76
235821 71
235928 75
236035 78
236142 71
236249 75
236356 78
236464 76
236785 75
237106 73
237428 75
237749 73
237856 76
238071 71
238178 76
238392 71
238499 76
238714 71
238821 76
239035 69
239142 73
239249 78
239356 68
239464 73
239571 75
239678 66 78
239785 71
239892 73
239999 65 77
240106 69
240214 73
240321 66 78
240428 69
240535 73
240642 61 73
240749 69
240856 73
240964 75 63
241071 69
241178 73
241285 68
241392 71
241499 75
241606 76 64
241714 68
241821 71
241928 63 75
242035 68
242142 71
242249 73 61
242356 68
242464 71
242571 63 75
242678 68
242785 71
242892 61 73
242999 65
243106 68
243214 71 59
243321 61
243428 68
243535 59 71
243642 61
243749 65
243856 68 59
243964 61
244071 65
244178 57 69
244285 61
244392 66
244499 68 56
244606 61
244714 65
244821 54 66 66
244928 57
245035 61
245142 65 53
245249 57
245356 61
245464 54 66
245571 57
245678 59
245785 49 61
245892 53
245999 56
246106 51 63
246214 56
246321 59
246428 68 56
246535 59
246642 63
246749 64 76
246856 68
246964 71
247071 75 63
247178 68
247285 71
247392 73 61
247499 68
247606 71
247714 63 75
247821 68
247928 71
248035 73 61
248142 65
248249 68
248356 71 59
248464 61
248571 68
248678 59 71
248785 61
248892 65
248999 59 68
249106 61
249214 65
249321 57 69
249428 61
249535 66
249642 56 68
249749 61
249856 65
249964 66 66 54
250071 57
250178 61
250285 65 53
250392 57
250499 61
250606 54 66
250714 57
250821 59
250928 47
251035 51
251142 54
251249 49
251356 54
251464 59
251571 54
251678 59
251785 63
