0 55 43
222 57 47
454 50 47 59
698 50 55 62 43 47
919 55 59
1163 50 55 69 62
1384 71 55
1616 74 55 71
1848 74 55
2092 73
2314 69
2546 73
2790 69 61
3022 64 73 57
3185 69
3266 52 61
3463 73
3568 57 49
3927 64
4266 71 59 43
4486 71
4521 57 47
4625 71
4765 50 59
5009 62 50 43 55
5217 59
5485 50 62 69 43
5705 71 55 67 43
5949 59 71 55 74 62
6183 55 67 71 74
6438 62
6659 76 69
6914 73 64
7135 61 69
7390 61 57 64
7529 69
7634 61 52
7912 57
7947 49
8634 55 43
8923 47
9133 50
9365 55 47
9609 59
9841 62 50
10062 57 55
10411 59
10458 55
10805 61
10864 59
10945 57
11270 69 57
11444 59
11549 64
11676 57
11735 61
12024 61
12165 59 62 52
12397 49
12514 57
12629 52 45
12746 62
12943 59 57 43
13187 47
13419 57 50
13674 55
13918 59
14128 50
14349 57 55
14814 55
15127 57
15557 57
15824 52
16046 61
16254 57
16510 52
16742 49
16963 57 45
17299 55 43
17578 47
17811 50
18009 55
18241 59
18473 62
18694 67 55
18949 59
19030 57
19182 62
19437 54
19484 57
19890 57
20146 64
20367 61
20658 54
20843 52
20913 49
21203 50 55
21586 52 43
21842 48
21899 54
22052 52
22296 52 59
22772 64 52
23039 59
23305 64
23538 55 71
23944 64
24283 69
24457 43
25292 62
25362 43
25990 67 59 55 43
26199 71
26280 67
26710 47
26930 50
27163 55
27407 69 50 57 47
27767 71 59 47
27836 50
27941 55
27976 71
28139 64 73 61
28174 57
28360 52
28569 49 71
28801 45
29068 40
29172 74
29312 74
29463 71
29521 73 40
29695 71
29869 57 69 40 45 73
30091 69
30300 71 40 59 62 50 69 43
30776 43
31020 47
31252 50
31461 55
31704 69 57 50
31939 47
32089 47 55
32159 50
32484 69 57
32704 52
32833 69
32948 49
33180 64 45
33390 40
33715 64
33901 64 40
33948 55
34262 66 54
34691 55 67 59
34900 54
34947 40
34982 67
35133 43
35376 48
35573 55 52 40
35805 55
36074 60
36458 69
36840 66 54
37085 42
37166 69
37316 45
37525 45 64
37584 50
37769 54
37933 57
37979 45
38246 62 50
38514 62
38688 50 54 62
39047 64 52
39234 40
39453 40
39710 47 40
39932 57
40128 40 59
40164 47
40384 52 40 57 64
40604 57 69 64 47
40825 71 40 47
40884 57
41103 76 71 52 40
41336 71
41557 68
41812 64
42022 59
42254 56
42579 52 64
42951 54
43102 64
43346 55 67 64 59
43532 71
43694 55
43974 55
44020 40
44055 59
44241 43
44450 48
44683 40 55 43 59
44891 40
44961 55
45065 57
45448 54 57
45495 43 62
46170 54 42
46390 45
46634 50
46866 54 62 50 45
47098 54 42 62
47330 50
48295 59 52
48527 55 43
48760 48
49015 52 59 64
49224 71
49468 43
49596 64
49782 66 57 54
50351 42
50387 67
50526 64 57 45
50584 67
50782 50
50967 64 45
51199 62 50 42
51432 45
51478 62
51652 62 50
51978 64 57
52025 52 45 60 41
52303 45
52466 41
52536 64
52664 45
52896 48
53104 41 53
53371 62 53 48
53558 45
53743 60 48
54104 59 43 55
54592 43 55
54859 47
55091 50
55416 59
55567 60 57 55
55777 50
55940 55 47
56288 57
56752 55
57020 64 57 40
57228 45
57484 45
57659 57
57938 57 45
58147 57 45 64
58449 69 57
58693 69
58901 71
58971 69
59146 71
59215 69
59377 71
59901 64 52
60250 54
60645 55 64 67 59
60889 54
61074 55
61155 64
61352 40
61585 43
61784 48
62039 55 43
62248 40
62422 57 55
62794 66 55 57
62945 54
63537 57 64 42
63759 45
63991 50
64212 62 50 45 57
64444 42
64664 50
64989 45 61 64
65699 57 45 61
65954 40
66094 61
66140 57 45
66361 61 49
66593 71 52
66895 45
67115 66 59 54
67615 43
67837 67 55 47 64
68277 55
68533 55 62 50 43
68742 47
68893 55
69195 52
69252 57
69311 60
69358 64
69835 41
70055 45
70264 48
70485 41 53 48
70728 62 48 53
70938 45
71076 60 48
71484 59 43 55
71529 53
71717 71
71961 43
72182 47
72437 50
72599 60
72762 59
72947 57 60 55
73308 55
73680 57 52
74376 40 49
74609 45
74818 49
75039 52 49 61
75305 57
75479 61
75771 69
76177 69
76259 45
77339 55
77920 40
77978 43
78048 60 48
79452 43 62
79755 43 64
80023 42
80058 45
80139 54 66 50
80534 66
80743 66
80928 54
81474 54 66
81615 64
81685 42
81789 66
81951 66 62
82218 40
82369 52 64 62 43 48
82567 55
83775 43 62
84124 60
84402 42
84461 45
84530 62 50
85285 45 57
85424 42
86679 72 53
86714 41
87039 57 45
87376 48
87714 53 41
88143 57
88434 57
88515 74
88724 74
88957 71 43
89188 71
89339 50
89585 71
89689 55 69
89770 71
90061 59
90501 62 43
90722 59
91117 67
91465 55
91734 57
91930 69 57 45
92476 57
92546 45
92825 49 61
92988 45
93219 64
93546 45 69 57
93975 57 64 61
94498 61 73
94568 69
94602 45
94684 73 57
95055 69
95567 57
96275 45
96774 45
97146 45
