0 61 73
47 68
303 61 68
605 49
848 73 77
6645 47
6901 47
7157 47
7284 45
7528 47
7762 50
8017 59 47
8261 42
8388 45 57
8632 47 59
8911 59 47
9143 47
9283 57 45
9514 47
9760 53 65
9911 47
10015 71 52
10259 50
10387 45 57
10642 47
10909 47
11153 47
11269 57 45
11524 47
11758 50
12013 59 47
12268 42
12396 45 57
12640 47
12895 59 47
13151 47
13279 45 57
13395 47
13522 50
13767 65
13825 53
14012 52
14267 50
14394 57 45
14638 47
14906 47
15149 47
15265 57 45
15520 47
15766 50
16010 47 59
16265 42
16393 57 45
16637 47 59
16904 47
17159 47
17275 57 45
17519 47
17764 53 65
17915 47
18019 71 52
18263 50
18391 57 45
18635 47
18901 47
19157 47
19273 57 45
19517 47
19762 50
20017 59 47
20262 42
20400 57 45
20644 47 59
20888 45 47
21028 45
21144 47
21399 45
21526 47
21888 59
22143 62
22387 64
22643 66 47
23282 66
23886 59
24142 62
24397 69
24560 59
24641 47 68
25885 66
26384 64
26639 66 47
28649 47
29881 59
30148 62
30392 64
30636 66 47
31740 59
31891 59
32146 62
32390 69
32437 59
32645 47
32715 68
33388 69 59
34133 71 59
34632 47
34899 68
35143 66
35562 68
35853 66
36305 68
36642 47
37885 59
38141 62
38396 64
38640 66 47
39256 66
39733 59
39884 59
40150 62
40394 69 59
40649 68 47
41882 66
42392 64
42636 66 47
44646 47
45646 59
45890 59
46145 62
46389 64
46644 66 47
47888 59
48143 62
48398 62 69
48434 59
48642 71 47 59
49387 69 59
50154 68
50641 47
51606 59
52499 59
52639 47
54104 74
54266 73
54393 59 71
54637 47 59 69
55020 71 59
55393 71 59
55474 47
55881 66 59
56020 47
56136 69 59
56391 71 69 59
56647 73 59
57018 69
57380 71 59
58111 74
58273 73
58390 71 59
58645 59 69
59017 71 59
59390 71 59
59889 66
60144 73 66
60388 74 59
60643 73 59
61015 69
61108 74
61515 66
62108 74
62270 73
62386 71 59
62479 74
62641 59 69
63024 71 59
63258 74
63386 71
63885 66
64141 69 59
64385 71 59
64651 73 59
65023 69
65384 71 59
66104 74
66266 73
66394 71 59
66441 74
66649 69 59
66766 74
67021 78 59
67255 75
67383 71
67417 74
67928 74
68021 78
68137 74
68276 73
68520 71
68590 59
68647 69
68764 71 59
69019 69
69147 71 59
69381 69
69520 71 59
69764 69
69891 59 71
70635 66 47
71205 71
71390 65
72389 62
72482 64
72644 65 49 68
72830 61
72969 64
73308 62
73633 49 61
74015 62
74050 68
74387 64
74642 66 47
75387 59 71
76141 59
76396 61
76653 49
76734 62
76885 68
77023 64
77385 62
77617 68 64
78023 69
78395 67
78639 66 47
79395 65
80393 62
80509 65
80637 49 65 68
80822 61
80973 64
81312 62
81637 61 49
82020 62
82078 68
82391 61 64
82647 66 47
83076 64
83391 59 71
84134 59 71
84401 73
84657 74 49
85016 79
85389 78
85621 79 77
86016 79 74
86399 70
86643 47 71
86760 74
86910 47
87156 47
87260 45 57
87504 47
87759 50
87840 59
88014 59 47
88270 42
88397 57 45
88641 59 47
88897 59 47
89142 47
89269 57 45
89513 47
89769 53 65
89920 47
90013 71 52
90268 50
90396 57 45
90640 47
90907 47
91151 47
91268 57 45
91512 47
91767 50
92011 47 59
92266 42
92394 57 45
92638 47 59
92905 59 47
93150 47
93266 45 57
93394 47
93521 50
93754 65
93812 53
94009 71 52
94276 50
94404 57 45
94647 47
94903 47
95148 47
95264 57 45
95508 47
95763 50
96019 59 47
96274 42
96401 57 45
96634 47 59
96901 59 47
97146 47
97263 57 45
97518 47
97773 53 65
97913 47
98017 52
98272 50
98400 57 45
98644 47
98911 47
99156 47
99272 57 45
99516 47
99771 50
100015 59 47
100270 42
100398 57 45
100642 47
100909 47
101026 45
101143 47
101398 45
101514 47
101897 59
102141 62
102396 64
102640 66 47
103884 59
104151 62
104395 69 47 59
104650 68 47
105383 69 59
106138 71 59
106637 47
106904 68
107125 66
107811 66
108646 47
109344 59
109890 59
110145 62
110389 64
110645 66 47
110971 64
111888 59
112144 62
112399 69
112445 59
112655 68 47
113887 66
114397 64
114641 66 47
116639 47
117709 59
117894 59
118150 62
118394 64
118638 66 47
119161 64
119893 59
120137 62
120404 69
120450 59
120647 59 71 47
121392 69 59
122158 68
122645 47
124644 47
126108 74
126270 73
126387 71 59
126642 59 69
126782 47
127015 71 59
127386 71
127456 47
127886 66
128001 47
128141 69
128396 59 71
128651 73 59
129013 69
129385 71 59
129674 47
129756 69
130139 74
130279 73
130394 71
130650 59 69
131011 71 59
131383 71
131893 66
132149 73 59
132393 74
132648 73 59
133010 69
133044 74
133520 66
134112 74
134275 73
134391 71
134472 74
134646 59 69
135008 71 59
135251 74
135391 71 59
135890 66
136145 69
136389 59 71 69
136644 73 59
137017 69
137389 71 59
138097 74
138271 73
138399 71 59
138445 74
138655 69 59
138760 74
139016 78 59
139260 78 75
139387 71
140014 78
140049 74
140269 73
140525 71 59
140653 69
140759 71 59
141014 69
141141 71 59
141386 69
141513 71 59
141768 69
141896 59 71
142639 66 47
143163 71
143395 65 44 56
144138 71
144393 62
144510 65
144649 65 68 49
144824 61
144964 64
145312 62
145603 42
145637 61
145765 42
146009 62
146392 64
146647 66 47
147264 59
147380 44 71
147891 63
148135 59 47 44
148401 49 61
148645 49
148728 62
148879 68
149007 64
149204 68
149390 62
149634 64 42
150017 69
150399 67
150643 47
150808 42
151388 65 44 56
152166 56
152398 62
152514 65
152631 49 68 65
152794 61
152957 64
153305 62
153642 49 61
153688 42
154013 62
154396 64
154630 59 66
154885 42
155385 44 71 59 56
156139 68 71
156394 68 73
156640 74 61
157011 67
157162 71
157336 74
157383 66
157638 65 54
158021 62
158393 64
158638 66 59
159381 65
160403 62
160484 64
160636 65 68 49
160810 61
160961 64
161310 62
161646 61 49
162017 62
162087 68
162400 64
162634 66 47
163389 59 71
164143 59
164387 61
164644 49
164725 62
164853 68
165015 64
165317 68
165387 62
165642 64
166014 69
166397 67
166631 66 47
167385 65
168395 62
168511 65
168629 49 65 68
168803 61
168965 64
169303 62
169639 49 61
170022 62
170057 68
170393 64
170626 66 47
171393 59 71
172136 71 59
172392 73
172637 74 49
173009 79
173391 78
173635 79 77
174018 74 79
174390 70
174635 47 71
174901 47
175158 47
175262 45 57
175517 47
175761 50
176016 59 47
176284 42
176399 57 45
176633 47
176900 47 59
177156 47
177271 57 45
177515 47
177771 53 65
177922 47
178026 71 52
178270 50
178398 57 45
178632 47
178898 47
179154 47
179259 45 57
179525 47
179769 50
180024 59 47
180268 42
180396 45 57
180630 47 59
180896 59 47
181151 47
181268 45 57
181396 47
181523 50
181767 65
181814 53
182022 71 52
182266 50
182394 57 45
182628 47
182907 47
183150 47
183278 57 45
183521 47
183765 50
184021 59 47
184265 45 42
184404 57 45
184638 59 47
184905 47 59
185148 47
185276 57 45
185509 47
185764 53 65
185915 47
186019 71 52
186274 50
186403 57 45
186636 47
186903 47
187146 47
187263 57 45
187507 47
187773 50
188017 47
188272 42
188400 57 45
188634 47 59
188901 47
189145 47
189400 45
189528 47
190143 59 47
190876 47
195790 68 61 73
196103 68 61
196383 49
