0 60
300 67
600 76
1800 60
2100 69
2400 78
3600 60
3900 71
4200 79
5400 60
5700 69
6000 78
7200 71 60
7500 67
7800 76
8400 74
9000 69 60
9300 69
9600 78
10200 67
10500 69
10800 71 60
11100 71
11400 79
12000 74
12600 69 60
12900 69
13200 78
14400 71 59
14700 74
15600 74
16200 58
16500 73
16800 79
17400 79
18000 74 57
18300 72
18600 79
19200 72
19500 71
19800 69 62
20100 74
20400 78
21600 59 60
21900 67
22200 76
22800 62
23400 57 60
23700 69
24000 78
24600 55
24900 57
25200 59 60
25500 71
25800 79
26400 62
27000 57 60
27300 69
27600 78
28800 59 59
29100 74
30000 62
30600 69 58
30900 73
31200 79
31800 67
32400 74 57
32700 72
33000 79
34200 62
34500 74
34800 78
54222 71 48
55386 74
55968 69 48
57132 67
57423 69
57714 71 48
58878 74
59460 69 48
60624 62
61206 71 59
62370 74
62952 58
64116 79
64698 74 57
65862 72
66153 71
66444 69 62
67608 50
68190 59 48
69354 62 55
69936 57 48
71100 55 57
71391 57
71682 59 48
72846 62 55
73428 57 48
74592 57
75174 59 50
76338 62 50
76920 69 49
78084 67 49
78666 74 48
79830 48
80412 50
80994 62
83904 55
85068 57
85359 59
85650 60
86232 62
89142 62
90306 65
90888 64
91470 60
92052 64
92343 65
92634 67
93216 63
94380 64
96126 62
99894 60
100194 67
100494 76
101694 60
101994 69
102294 78
103494 60
103794 71
104094 79
105294 60
105594 69
105894 78
107094 71 60
107394 67
107694 76
108294 74
108894 69 60
109194 69
109494 78
110094 67
110394 69
110694 71 60
110994 71
111294 79
111894 74
112494 69 60
112794 69
113094 78
114294 71 59
114594 74
115494 74
116094 58
116394 73
116694 79
117294 79
117894 74 57
118194 72
118494 79
119094 72
119394 71
119694 69 62
119994 74
120294 78
121494 59 60
121794 67
122094 76
122694 62
123294 57 60
123594 69
123894 78
124494 55
124794 57
125094 59 60
125394 71
125694 79
126294 62
126894 57 60
127194 69
127494 78
128694 59 59
128994 74
129894 62
130494 69 58
130794 73
131094 79
131694 67
132294 74 57
132594 72
132894 79
134094 62
134394 74
134694 78
154116 71 48
155280 74
155862 69 48
157026 67
157317 69
157608 71 48
158772 74
159354 69 48
160518 62
161100 71 59
162264 74
162846 58
164010 79
164592 74 57
165756 72
166047 71
166338 69 62
167502 50
168084 59 48
169248 62 55
169830 57 48
170994 55 57
171285 57
171576 59 48
172740 62 55
173322 57 48
174486 57
175068 59 50
176232 62 50
176814 69 49
177978 67 49
178560 74 48
179724 48
180306 50
180888 62
183798 55
184962 57
185253 59
185544 60
186126 62
189036 62
190200 65
190782 64
191364 60
191946 64
192237 65
192528 67
193110 63
194274 64
196020 62
