0 53 71
312 60
625 69
937 60
1250 65
1562 60
1875 53 71
2187 60
2500 69
2812 60
3125 65
3437 60
3750 53 71
4062 60
4375 69
4687 60
5000 64
5312 62 60
5625 52 64
5937 59
6562 59
7187 59
7500 53 71
7812 60
8125 69
8437 60
8750 65
9062 60
9375 53 71
9687 60
10000 69
10312 60
10625 65
10937 60
11250 53 71
11562 60
11875 69
12187 60
12500 64
12812 62 60
13125 52 64
13437 59
14062 59
14687 59
15000 50 65
15312 57
15625 60
15937 57
16250 59
16562 57
16875 50 65
17187 57
17500 60
17812 57
18125 59
18437 57
18750 48 65
19062 55
19375 64
19687 55
20000 59
20312 57 55
20625 48 59
20937 55
21562 55
22187 55
22500 50 65
22812 57
23125 60
23437 57
23750 59
24062 57
24375 50 65
24687 57
25000 60
25312 57
25625 59
25937 57
26250 48 65
26562 55
26875 64
27187 55
27500 64 71
27812 55
28125 48 64 67
28437 55
29062 55
29687 55
30000 46 65 69
30312 53
30625 58 65 69
30937 53
31250 62 65 69
31562 53
31875 46 69 74
32187 53
32500 58 69 74
32812 53
33125 69 74 62
33750 45 64 67
34062 52
34375 57 64 67
34687 52
35000 60 64 67
35312 52
35625 45 64 72
35937 52
36250 55 64 67
36562 52
36875 60
37500 43 62 65
37812 50
38125 53 62 65
38437 50
38750 58 62 65
39062 50
39375 43 65 70
39687 50
40000 53 65 70
40312 50
40625 65 70 58
41250 41 60 64
41562 48
41875 52 60 62
42187 48
42500 57 60 69
42812 52
43125 41 60 64
43437 48
43750 52
44062 48
44375 57
45000 46 65 69
45312 53
45625 58 65 69
45937 53
46250 62 65 69
46562 58
46875 46 69 74
47187 53
47500 58 69 74
47812 53
48125 62 69 74
48750 45 64 67
49062 52
49375 57 64 67
49687 52
50000 60 64 67
50312 52
50625 45 64 72
50937 52
51250 55 64 67
51562 52
51875 60
52500 46 62 65
52812 53
53125 57 62 67
53437 53
53750 62 69
54062 53
54375 46 65 70
54687 53
55000 58 65 72
55312 53
55625 62 65 74
55937 53
56250 47 65 69
56562 53
56875 57 65 71
57187 53
57500 62 65 74
57812 57
58125 52 64 76
58750 59
59375 64
