0 45
333 48 52
666 48 52
999 47
1333 50 54
1999 48
2333 52 55
2666 52 55
2999 47
3333 50 54
3999 57 45
4166 60
4333 48 52 69
4666 48 52
4999 57 47
5166 60
5333 69 50 54
5999 71 48
6333 52 55
6499 72
6666 71 52 55
6833 72
6999 71 47
7166 67
7333 64 50 54
7999 64 41
8333 57 45
8666 60 48
8833 62
8999 64 48
9333 52 55
9999 64 41
10333 57 45
10666 60 48
10833 62
10999 59 40
11333 44 47
11999 57 45
12166 60
12333 48 52 69
12666 48 52
12999 57 47
13166 60
13333 69 50 54
13999 71 48
14333 52 55
14499 72
14666 71 52 55
14833 72
14999 71 47
15166 67
15333 64 50 54
15999 64 41
16333 57 45
16666 60 48
16833 62
16999 64 40
17333 44 47
17666 64
17999 57 45
18333 48 52
18666 48 52
18999 47
19333 50 54
19999 48
20333 52 55
20666 52 55
20999 47
21333 50 54
